# When using this simulator and/or imported datasets, please cite the final journal reference found at https://arxiv.org/abs/2310.08621 
# frequency (Hz)	phase noise (rad^2/Hz)
3.333e+00	1.023e+07
6.667e+00	2.023e+05
1.000e+01	1.237e+04
1.333e+01	2.436e+03
1.667e+01	1.105e+03
2.000e+01	8.603e+02
2.333e+01	2.036e+03
2.667e+01	4.241e+03
3.000e+01	1.986e+03
3.333e+01	8.828e+02
3.667e+01	7.591e+02
4.000e+01	4.717e+02
4.333e+01	4.772e+02
4.667e+01	3.149e+03
5.000e+01	2.077e+03
5.333e+01	9.766e+01
5.667e+01	2.512e+01
6.000e+01	3.897e+01
6.333e+01	3.398e+01
6.667e+01	1.832e+01
7.000e+01	1.566e+01
7.333e+01	1.452e+01
7.667e+01	1.883e+01
8.000e+01	1.447e+01
8.333e+01	7.826e+00
8.667e+01	7.771e+00
9.000e+01	8.080e+00
9.333e+01	6.102e+00
9.667e+01	4.951e+00
1.000e+02	4.185e+00
1.033e+02	6.401e+00
1.067e+02	1.780e+01
1.100e+02	1.168e+01
1.133e+02	4.649e+00
1.167e+02	4.341e+00
1.200e+02	5.450e+00
1.233e+02	4.401e+00
1.267e+02	1.806e+00
1.300e+02	2.038e+00
1.333e+02	3.487e+00
1.367e+02	4.936e+00
1.400e+02	2.693e+00
1.433e+02	2.172e+00
1.467e+02	2.199e+00
1.500e+02	2.214e+00
1.533e+02	2.532e+00
1.567e+02	2.084e+00
1.600e+02	2.072e+00
1.633e+02	1.780e+00
1.667e+02	1.332e+00
1.700e+02	1.274e+00
1.733e+02	1.227e+00
1.767e+02	1.082e+00
1.800e+02	8.542e-01
1.833e+02	6.553e-01
1.867e+02	4.228e-01
1.900e+02	6.332e-01
1.933e+02	7.123e-01
1.967e+02	5.673e-01
2.000e+02	6.621e-01
2.033e+02	5.286e-01
2.067e+02	6.629e-01
2.100e+02	6.444e-01
2.133e+02	5.361e-01
2.167e+02	4.878e-01
2.200e+02	4.416e-01
2.233e+02	3.062e-01
2.267e+02	1.913e-01
2.300e+02	2.384e-01
2.333e+02	2.283e-01
2.367e+02	1.801e-01
2.400e+02	2.463e-01
2.433e+02	2.066e-01
2.467e+02	3.155e-01
2.500e+02	2.363e-01
2.533e+02	2.168e-01
2.567e+02	2.145e-01
2.600e+02	1.479e-01
2.633e+02	1.528e-01
2.667e+02	1.711e-01
2.700e+02	2.107e-01
2.733e+02	1.878e-01
2.767e+02	1.494e-01
2.800e+02	1.741e-01
2.833e+02	1.439e-01
2.867e+02	1.343e-01
2.900e+02	1.265e-01
2.933e+02	7.628e-02
2.967e+02	1.002e-01
3.000e+02	1.332e-01
3.033e+02	1.409e-01
3.067e+02	8.811e-02
3.100e+02	7.916e-02
3.133e+02	1.093e-01
3.167e+02	7.998e-02
3.200e+02	7.958e-02
3.233e+02	7.709e-02
3.267e+02	6.863e-02
3.300e+02	1.074e-01
3.333e+02	9.325e-02
3.367e+02	6.015e-02
3.400e+02	3.840e-02
3.433e+02	5.694e-02
3.467e+02	7.638e-02
3.500e+02	6.821e-02
3.533e+02	5.602e-02
3.567e+02	7.073e-02
3.600e+02	5.426e-02
3.633e+02	5.063e-02
3.667e+02	4.775e-02
3.700e+02	3.076e-02
3.733e+02	4.051e-02
3.767e+02	5.216e-02
3.800e+02	5.739e-02
3.833e+02	4.541e-02
3.867e+02	3.479e-02
3.900e+02	6.203e-02
3.933e+02	5.729e-02
3.967e+02	4.920e-02
4.000e+02	4.120e-02
4.033e+02	3.521e-02
4.067e+02	2.703e-02
4.100e+02	3.550e-02
4.133e+02	3.519e-02
4.167e+02	2.734e-02
4.200e+02	2.708e-02
4.233e+02	2.810e-02
4.267e+02	3.580e-02
4.300e+02	3.429e-02
4.333e+02	2.834e-02
4.367e+02	2.548e-02
4.400e+02	2.874e-02
4.433e+02	3.694e-02
4.467e+02	2.768e-02
4.500e+02	2.184e-02
4.533e+02	3.207e-02
4.567e+02	2.347e-02
4.600e+02	2.158e-02
4.633e+02	2.939e-02
4.667e+02	3.177e-02
4.700e+02	2.081e-02
4.733e+02	2.772e-02
4.767e+02	2.459e-02
4.800e+02	1.486e-02
4.833e+02	1.873e-02
4.867e+02	1.843e-02
4.900e+02	2.379e-02
4.933e+02	3.832e-02
4.967e+02	2.452e-02
5.000e+02	1.404e-02
5.033e+02	2.623e-02
5.067e+02	6.977e-02
5.100e+02	5.560e-02
5.133e+02	3.005e-02
5.167e+02	1.741e-02
5.200e+02	1.726e-02
5.233e+02	1.618e-02
5.267e+02	1.862e-02
5.300e+02	1.298e-02
5.333e+02	1.815e-02
5.367e+02	2.205e-02
5.400e+02	1.553e-02
5.433e+02	1.247e-02
5.467e+02	1.180e-02
5.500e+02	1.733e-02
5.533e+02	1.158e-02
5.567e+02	1.423e-02
5.600e+02	2.148e-02
5.633e+02	2.725e-02
5.667e+02	1.534e-02
5.700e+02	1.306e-02
5.733e+02	1.402e-02
5.767e+02	1.704e-02
5.800e+02	1.876e-02
5.833e+02	1.542e-02
5.867e+02	1.036e-02
5.900e+02	1.040e-02
5.933e+02	1.155e-02
5.967e+02	1.853e-02
6.000e+02	3.064e-02
6.033e+02	4.427e-02
6.067e+02	5.840e-02
6.100e+02	5.274e-02
6.133e+02	5.972e-02
6.167e+02	6.922e-02
6.200e+02	3.111e-02
6.233e+02	2.042e-02
6.267e+02	1.792e-02
6.300e+02	1.339e-02
6.333e+02	1.103e-02
6.367e+02	1.069e-02
6.400e+02	7.568e-03
6.433e+02	4.598e-03
6.467e+02	5.980e-03
6.500e+02	8.221e-03
6.533e+02	8.190e-03
6.567e+02	6.820e-03
6.600e+02	5.240e-03
6.633e+02	5.350e-03
6.667e+02	7.521e-03
6.700e+02	9.134e-03
6.733e+02	6.078e-03
6.767e+02	5.525e-03
6.800e+02	7.204e-03
6.833e+02	4.971e-03
6.867e+02	6.017e-03
6.900e+02	6.186e-03
6.933e+02	4.411e-03
6.967e+02	3.788e-03
7.000e+02	4.393e-03
7.033e+02	5.863e-03
7.067e+02	8.409e-03
7.100e+02	6.571e-03
7.133e+02	5.536e-03
7.167e+02	7.450e-03
7.200e+02	8.276e-03
7.233e+02	7.650e-03
7.267e+02	6.660e-03
7.300e+02	6.327e-03
7.333e+02	6.459e-03
7.367e+02	5.690e-03
7.400e+02	7.373e-03
7.433e+02	6.798e-03
7.467e+02	7.414e-03
7.500e+02	6.736e-03
7.533e+02	7.196e-03
7.567e+02	5.229e-03
7.600e+02	4.516e-03
7.633e+02	4.244e-03
7.667e+02	5.081e-03
7.700e+02	5.705e-03
7.733e+02	5.233e-03
7.767e+02	4.279e-03
7.800e+02	3.855e-03
7.833e+02	3.751e-03
7.867e+02	3.821e-03
7.900e+02	4.588e-03
7.933e+02	4.846e-03
7.967e+02	3.752e-03
8.333e+02	5.514e-03
1.000e+03	3.424e-03
1.167e+03	2.138e-03
1.333e+03	1.448e-03
1.500e+03	1.335e-03
1.667e+03	1.222e-03
1.833e+03	8.279e-04
2.000e+03	3.941e-04
2.167e+03	2.827e-04
2.333e+03	2.505e-04
2.500e+03	1.881e-04
2.667e+03	2.106e-04
2.833e+03	1.701e-04
3.000e+03	1.603e-04
3.167e+03	1.128e-04
3.333e+03	1.000e-04
3.500e+03	1.222e-04
3.667e+03	1.125e-04
3.833e+03	7.056e-05
4.000e+03	1.583e-04
4.167e+03	1.031e-04
4.333e+03	5.587e-05
4.500e+03	5.744e-05
4.667e+03	6.100e-05
4.833e+03	8.578e-05
5.000e+03	1.270e-04
5.167e+03	8.686e-05
5.333e+03	4.732e-05
5.500e+03	3.406e-05
5.667e+03	3.164e-05
5.833e+03	2.263e-05
6.000e+03	1.277e-05
6.167e+03	1.444e-05
6.333e+03	1.905e-05
6.500e+03	1.709e-05
6.667e+03	1.562e-05
6.833e+03	1.374e-05
7.000e+03	2.009e-05
7.167e+03	2.132e-05
7.333e+03	1.124e-05
7.500e+03	9.462e-06
7.667e+03	1.402e-05
7.833e+03	1.389e-05
8.000e+03	1.029e-05
8.167e+03	8.563e-06
8.333e+03	6.893e-06
8.500e+03	5.722e-06
8.667e+03	5.613e-06
8.833e+03	5.715e-06
9.000e+03	8.065e-06
9.167e+03	9.843e-06
9.333e+03	7.068e-06
9.500e+03	5.101e-06
9.667e+03	5.799e-06
9.833e+03	6.956e-06
1.000e+04	4.474e-06
1.017e+04	5.238e-06
1.033e+04	5.032e-06
1.050e+04	2.761e-06
1.067e+04	4.142e-06
1.083e+04	4.439e-06
1.100e+04	4.384e-06
1.117e+04	6.584e-06
1.133e+04	3.628e-06
1.150e+04	3.987e-06
1.167e+04	5.298e-06
1.183e+04	3.154e-06
1.200e+04	2.937e-06
1.217e+04	4.077e-06
1.233e+04	3.001e-06
1.250e+04	2.282e-06
1.267e+04	2.589e-06
1.283e+04	2.202e-06
1.300e+04	2.059e-06
1.317e+04	3.345e-06
1.333e+04	3.321e-06
1.350e+04	2.465e-06
1.367e+04	1.932e-06
1.383e+04	2.452e-06
1.400e+04	1.711e-06
1.417e+04	1.942e-06
1.433e+04	2.098e-06
1.450e+04	2.054e-06
1.467e+04	1.637e-06
1.483e+04	1.907e-06
1.500e+04	2.569e-06
1.517e+04	1.894e-06
1.533e+04	1.554e-06
1.550e+04	2.126e-06
1.567e+04	2.348e-06
1.583e+04	2.182e-06
1.600e+04	1.988e-06
1.617e+04	1.789e-06
1.633e+04	1.451e-06
1.650e+04	1.326e-06
1.667e+04	1.000e-06
1.683e+04	1.161e-06
1.700e+04	1.001e-06
1.717e+04	1.388e-06
1.733e+04	2.379e-06
1.750e+04	2.013e-06
1.767e+04	1.296e-06
1.783e+04	9.288e-07
1.800e+04	1.061e-06
1.817e+04	1.211e-06
1.833e+04	1.164e-06
1.850e+04	1.549e-06
1.867e+04	1.586e-06
1.883e+04	9.830e-07
1.900e+04	7.904e-07
1.917e+04	1.019e-06
1.933e+04	1.273e-06
1.950e+04	1.269e-06
1.967e+04	1.220e-06
1.983e+04	1.354e-06
2.000e+04	1.457e-06
2.017e+04	1.261e-06
2.033e+04	1.156e-06
2.050e+04	9.319e-07
2.067e+04	8.081e-07
2.083e+04	9.533e-07
2.100e+04	6.846e-07
2.117e+04	8.517e-07
2.133e+04	1.019e-06
2.150e+04	9.697e-07
2.167e+04	1.247e-06
2.183e+04	9.239e-07
2.200e+04	7.402e-07
2.217e+04	7.339e-07
2.233e+04	6.885e-07
2.250e+04	7.996e-07
2.267e+04	6.682e-07
2.283e+04	5.380e-07
2.300e+04	8.450e-07
2.317e+04	8.303e-07
2.333e+04	6.251e-07
2.350e+04	8.848e-07
2.367e+04	7.007e-07
2.383e+04	6.566e-07
2.400e+04	7.938e-07
2.417e+04	8.589e-07
2.433e+04	1.093e-06
2.450e+04	1.001e-06
2.467e+04	1.150e-06
2.483e+04	1.875e-06
2.500e+04	1.531e-06
2.517e+04	9.657e-07
2.533e+04	1.786e-06
2.550e+04	1.571e-06
2.567e+04	1.050e-06
2.583e+04	7.003e-07
2.600e+04	9.980e-07
2.617e+04	1.087e-06
2.633e+04	7.898e-07
2.650e+04	8.965e-07
2.667e+04	1.293e-06
2.683e+04	1.396e-06
2.700e+04	1.268e-06
2.717e+04	1.454e-06
2.733e+04	1.622e-06
2.750e+04	1.074e-06
2.767e+04	1.310e-06
2.783e+04	2.512e-06
2.800e+04	2.533e-06
2.817e+04	3.831e-06
2.833e+04	7.079e-06
2.850e+04	5.996e-06
2.867e+04	7.596e-06
2.883e+04	2.711e-05
2.900e+04	4.406e-05
2.917e+04	5.418e-05
2.933e+04	3.035e-05
2.950e+04	1.713e-05
2.967e+04	1.662e-05
2.983e+04	8.722e-06
3.000e+04	2.005e-06
3.017e+04	6.541e-07
3.033e+04	6.892e-07
3.050e+04	7.448e-07
3.067e+04	6.619e-07
3.083e+04	6.279e-07
3.100e+04	9.341e-07
3.117e+04	7.696e-07
3.133e+04	6.676e-07
3.150e+04	5.629e-07
3.167e+04	6.081e-07
3.183e+04	5.086e-07
3.200e+04	6.006e-07
3.217e+04	8.968e-07
3.233e+04	6.336e-07
3.250e+04	7.111e-07
3.267e+04	6.579e-07
3.283e+04	5.043e-07
3.300e+04	5.751e-07
3.317e+04	3.073e-07
3.333e+04	5.072e-07
3.350e+04	4.421e-07
3.367e+04	3.878e-07
3.383e+04	5.489e-07
3.400e+04	6.037e-07
3.417e+04	3.968e-07
3.433e+04	3.490e-07
3.450e+04	3.214e-07
3.467e+04	3.144e-07
3.483e+04	2.707e-07
3.500e+04	1.906e-07
3.517e+04	2.170e-07
3.533e+04	2.733e-07
3.550e+04	2.775e-07
3.567e+04	2.039e-07
3.583e+04	1.771e-07
3.600e+04	2.542e-07
3.617e+04	2.336e-07
3.633e+04	3.481e-07
3.650e+04	2.965e-07
3.667e+04	2.364e-07
3.683e+04	3.308e-07
3.700e+04	3.549e-07
3.717e+04	4.033e-07
3.733e+04	3.749e-07
3.750e+04	3.557e-07
3.767e+04	3.636e-07
3.783e+04	3.012e-07
3.800e+04	2.695e-07
3.817e+04	1.928e-07
3.833e+04	1.921e-07
3.850e+04	2.740e-07
3.867e+04	3.025e-07
3.883e+04	2.648e-07
3.900e+04	1.774e-07
3.917e+04	2.042e-07
3.933e+04	1.533e-07
3.950e+04	1.081e-07
3.967e+04	1.377e-07
3.983e+04	1.932e-07
4.000e+04	2.141e-07
4.017e+04	2.504e-07
4.033e+04	2.466e-07
4.050e+04	2.965e-07
4.067e+04	2.305e-07
4.083e+04	1.940e-07
4.100e+04	1.841e-07
4.117e+04	1.598e-07
4.133e+04	1.935e-07
4.150e+04	2.551e-07
4.167e+04	2.127e-07
4.183e+04	2.339e-07
4.200e+04	1.673e-07
4.217e+04	2.129e-07
4.233e+04	2.227e-07
4.250e+04	1.847e-07
4.267e+04	1.541e-07
4.283e+04	1.203e-07
4.300e+04	1.510e-07
4.317e+04	1.196e-07
4.333e+04	1.447e-07
4.350e+04	2.208e-07
4.367e+04	2.684e-07
4.383e+04	1.837e-07
4.400e+04	1.301e-07
4.417e+04	2.016e-07
4.433e+04	2.925e-07
4.450e+04	2.704e-07
4.467e+04	1.699e-07
4.483e+04	1.196e-07
4.500e+04	1.806e-07
4.517e+04	2.449e-07
4.533e+04	2.034e-07
4.550e+04	2.575e-07
4.567e+04	2.312e-07
4.583e+04	1.209e-07
4.600e+04	1.599e-07
4.617e+04	1.680e-07
4.633e+04	1.381e-07
4.650e+04	1.191e-07
4.667e+04	1.211e-07
4.683e+04	1.225e-07
4.700e+04	1.266e-07
4.717e+04	1.207e-07
4.733e+04	1.398e-07
4.750e+04	1.766e-07
4.767e+04	1.926e-07
4.783e+04	1.519e-07
4.800e+04	1.367e-07
4.817e+04	1.363e-07
4.833e+04	1.492e-07
4.850e+04	1.579e-07
4.867e+04	1.422e-07
4.883e+04	1.317e-07
4.900e+04	1.444e-07
4.917e+04	1.601e-07
4.933e+04	1.440e-07
4.950e+04	1.258e-07
4.967e+04	8.666e-08
4.983e+04	6.733e-08
5.000e+04	7.056e-08
5.017e+04	1.074e-07
5.033e+04	1.322e-07
5.050e+04	2.200e-07
5.067e+04	1.563e-07
5.083e+04	1.613e-07
5.100e+04	1.939e-07
5.117e+04	1.413e-07
5.133e+04	1.180e-07
5.150e+04	1.688e-07
5.167e+04	1.444e-07
5.183e+04	1.144e-07
5.200e+04	1.037e-07
5.217e+04	1.141e-07
5.233e+04	1.320e-07
5.250e+04	1.237e-07
5.267e+04	1.018e-07
5.283e+04	9.055e-08
5.300e+04	1.096e-07
5.317e+04	1.614e-07
5.333e+04	1.585e-07
5.350e+04	1.383e-07
5.367e+04	1.462e-07
5.383e+04	1.475e-07
5.400e+04	1.319e-07
5.417e+04	1.410e-07
5.433e+04	1.408e-07
5.450e+04	1.058e-07
5.467e+04	1.322e-07
5.483e+04	1.686e-07
5.500e+04	1.616e-07
5.517e+04	1.082e-07
5.533e+04	7.043e-08
5.550e+04	8.880e-08
5.567e+04	9.451e-08
5.583e+04	8.404e-08
5.600e+04	8.809e-08
5.617e+04	8.010e-08
5.633e+04	8.424e-08
5.650e+04	9.546e-08
5.667e+04	8.090e-08
5.683e+04	1.226e-07
5.700e+04	1.282e-07
5.717e+04	1.382e-07
5.733e+04	1.093e-07
5.750e+04	1.020e-07
5.767e+04	9.859e-08
5.783e+04	1.120e-07
5.800e+04	1.426e-07
5.817e+04	1.072e-07
5.833e+04	8.671e-08
5.850e+04	7.540e-08
5.867e+04	1.012e-07
5.883e+04	1.035e-07
5.900e+04	1.004e-07
5.917e+04	9.120e-08
5.933e+04	6.516e-08
5.950e+04	6.399e-08
5.967e+04	7.650e-08
5.983e+04	8.718e-08
6.000e+04	8.096e-08
6.017e+04	1.341e-07
6.033e+04	1.576e-07
6.050e+04	1.582e-07
6.067e+04	1.430e-07
6.083e+04	1.262e-07
6.100e+04	1.286e-07
6.117e+04	1.492e-07
6.133e+04	9.623e-08
6.150e+04	8.494e-08
6.167e+04	9.331e-08
6.183e+04	9.744e-08
6.200e+04	1.040e-07
6.217e+04	1.086e-07
6.233e+04	9.432e-08
6.250e+04	9.743e-08
6.267e+04	5.964e-08
6.283e+04	4.819e-08
6.300e+04	5.964e-08
6.317e+04	4.392e-08
6.333e+04	4.994e-08
6.350e+04	1.087e-07
6.367e+04	9.782e-08
6.383e+04	8.011e-08
6.400e+04	5.618e-08
6.417e+04	5.045e-08
6.433e+04	6.747e-08
6.450e+04	8.847e-08
6.467e+04	7.647e-08
6.483e+04	6.568e-08
6.500e+04	6.088e-08
6.517e+04	4.480e-08
6.533e+04	5.306e-08
6.550e+04	6.867e-08
6.567e+04	5.569e-08
6.583e+04	7.225e-08
6.600e+04	1.130e-07
6.617e+04	9.578e-08
6.633e+04	1.121e-07
6.650e+04	5.785e-08
6.667e+04	4.820e-08
6.683e+04	7.105e-08
6.700e+04	9.780e-08
6.717e+04	9.014e-08
6.733e+04	8.127e-08
6.750e+04	8.603e-08
6.767e+04	8.882e-08
6.783e+04	5.431e-08
6.800e+04	6.254e-08
6.817e+04	5.431e-08
6.833e+04	6.021e-08
6.850e+04	7.341e-08
6.867e+04	5.337e-08
6.883e+04	5.262e-08
6.900e+04	6.398e-08
6.917e+04	5.294e-08
6.933e+04	6.362e-08
6.950e+04	4.959e-08
6.967e+04	4.595e-08
6.983e+04	5.687e-08
7.000e+04	6.266e-08
7.017e+04	5.242e-08
7.033e+04	5.473e-08
7.050e+04	4.372e-08
7.067e+04	7.549e-08
7.083e+04	4.823e-08
7.100e+04	7.639e-08
7.117e+04	8.211e-08
7.133e+04	6.568e-08
7.150e+04	7.112e-08
7.167e+04	5.808e-08
7.183e+04	5.639e-08
7.200e+04	6.801e-08
7.217e+04	6.866e-08
7.233e+04	7.432e-08
7.250e+04	7.489e-08
7.267e+04	6.457e-08
7.283e+04	7.394e-08
7.300e+04	8.326e-08
7.317e+04	7.246e-08
7.333e+04	3.905e-08
7.350e+04	3.797e-08
7.367e+04	3.946e-08
7.383e+04	4.202e-08
7.400e+04	5.451e-08
7.417e+04	5.233e-08
7.433e+04	4.350e-08
7.450e+04	4.994e-08
7.467e+04	5.347e-08
7.483e+04	5.168e-08
7.500e+04	4.587e-08
7.517e+04	4.303e-08
7.533e+04	4.017e-08
7.550e+04	4.132e-08
7.567e+04	5.756e-08
7.583e+04	6.881e-08
7.600e+04	6.451e-08
7.617e+04	5.690e-08
7.633e+04	5.010e-08
7.650e+04	4.693e-08
7.667e+04	6.874e-08
7.683e+04	4.955e-08
7.700e+04	7.231e-08
7.717e+04	8.323e-08
7.733e+04	4.877e-08
7.750e+04	4.084e-08
7.767e+04	4.925e-08
7.783e+04	4.258e-08
7.800e+04	5.537e-08
7.817e+04	6.243e-08
7.833e+04	5.430e-08
7.850e+04	5.620e-08
7.867e+04	3.728e-08
7.883e+04	5.407e-08
7.900e+04	6.428e-08
7.917e+04	3.672e-08
7.933e+04	3.793e-08
7.950e+04	5.635e-08
7.967e+04	7.369e-08
7.983e+04	5.491e-08
8.000e+04	3.482e-08
8.017e+04	3.802e-08
8.033e+04	4.421e-08
8.050e+04	3.342e-08
8.067e+04	4.678e-08
8.083e+04	4.437e-08
8.100e+04	4.405e-08
8.117e+04	6.417e-08
8.133e+04	5.428e-08
8.150e+04	3.835e-08
8.167e+04	4.804e-08
8.183e+04	4.398e-08
8.200e+04	4.699e-08
8.217e+04	5.418e-08
8.233e+04	6.413e-08
8.250e+04	3.546e-08
8.267e+04	3.746e-08
8.283e+04	5.121e-08
8.300e+04	6.343e-08
8.317e+04	3.851e-08
8.333e+04	4.632e-08
8.350e+04	3.216e-08
8.367e+04	3.497e-08
8.383e+04	5.658e-08
8.400e+04	5.050e-08
8.417e+04	4.700e-08
8.433e+04	6.258e-08
8.450e+04	3.898e-08
8.467e+04	3.977e-08
8.483e+04	5.599e-08
8.500e+04	6.080e-08
8.517e+04	5.396e-08
8.533e+04	2.996e-08
8.550e+04	4.310e-08
8.567e+04	4.307e-08
8.583e+04	4.071e-08
8.600e+04	3.446e-08
8.617e+04	4.269e-08
8.633e+04	3.592e-08
8.650e+04	2.644e-08
8.667e+04	2.701e-08
8.683e+04	4.827e-08
8.700e+04	5.335e-08
8.717e+04	6.051e-08
8.733e+04	3.912e-08
8.750e+04	3.517e-08
8.767e+04	3.565e-08
8.783e+04	4.535e-08
8.800e+04	3.207e-08
8.817e+04	3.290e-08
8.833e+04	3.725e-08
8.850e+04	4.685e-08
8.867e+04	6.125e-08
8.883e+04	4.358e-08
8.900e+04	3.270e-08
8.917e+04	3.587e-08
8.933e+04	3.324e-08
8.950e+04	2.797e-08
8.967e+04	3.020e-08
8.983e+04	3.740e-08
9.000e+04	2.534e-08
9.017e+04	3.316e-08
9.033e+04	4.188e-08
9.050e+04	4.599e-08
9.067e+04	6.067e-08
9.083e+04	4.390e-08
9.100e+04	3.650e-08
9.117e+04	2.985e-08
9.133e+04	3.730e-08
9.150e+04	2.884e-08
9.167e+04	3.389e-08
9.183e+04	2.810e-08
9.200e+04	3.071e-08
9.217e+04	2.580e-08
9.233e+04	2.528e-08
9.250e+04	2.661e-08
9.267e+04	2.078e-08
9.283e+04	3.153e-08
9.300e+04	3.583e-08
9.317e+04	3.931e-08
9.333e+04	3.820e-08
9.350e+04	3.323e-08
9.367e+04	2.171e-08
9.383e+04	2.320e-08
9.400e+04	3.418e-08
9.417e+04	4.586e-08
9.433e+04	3.499e-08
9.450e+04	3.266e-08
9.467e+04	5.102e-08
9.483e+04	3.909e-08
9.500e+04	2.977e-08
9.517e+04	2.419e-08
9.533e+04	2.398e-08
9.550e+04	2.959e-08
9.567e+04	3.198e-08
9.583e+04	2.534e-08
9.600e+04	3.312e-08
9.617e+04	4.869e-08
9.633e+04	3.543e-08
9.650e+04	3.831e-08
9.667e+04	4.174e-08
9.683e+04	2.562e-08
9.700e+04	2.074e-08
9.717e+04	2.688e-08
9.733e+04	2.661e-08
9.750e+04	3.188e-08
9.767e+04	2.735e-08
9.783e+04	3.173e-08
9.800e+04	2.169e-08
9.817e+04	2.387e-08
9.833e+04	2.664e-08
9.850e+04	3.229e-08
9.867e+04	2.980e-08
9.883e+04	2.579e-08
9.900e+04	2.082e-08
9.917e+04	2.888e-08
9.933e+04	3.402e-08
9.950e+04	3.338e-08
9.967e+04	3.816e-08
9.983e+04	2.689e-08
1.000e+05	2.553e-08
1.002e+05	3.421e-08
1.003e+05	3.317e-08
1.005e+05	3.439e-08
1.007e+05	3.155e-08
1.008e+05	2.440e-08
1.010e+05	2.503e-08
1.012e+05	2.994e-08
1.013e+05	4.015e-08
1.015e+05	4.542e-08
1.017e+05	2.809e-08
1.018e+05	2.732e-08
1.020e+05	2.663e-08
1.022e+05	2.163e-08
1.023e+05	1.829e-08
1.025e+05	1.603e-08
1.027e+05	2.289e-08
1.028e+05	3.607e-08
1.030e+05	3.861e-08
1.032e+05	4.345e-08
1.033e+05	3.793e-08
1.035e+05	3.688e-08
1.037e+05	3.008e-08
1.038e+05	3.119e-08
1.040e+05	3.251e-08
1.042e+05	2.671e-08
1.043e+05	3.270e-08
1.045e+05	2.963e-08
1.047e+05	2.309e-08
1.048e+05	2.778e-08
1.050e+05	2.665e-08
1.052e+05	2.755e-08
1.053e+05	2.663e-08
1.055e+05	2.562e-08
1.057e+05	1.766e-08
1.058e+05	1.436e-08
1.060e+05	2.383e-08
1.062e+05	3.639e-08
1.063e+05	2.910e-08
1.065e+05	2.370e-08
1.067e+05	3.187e-08
1.068e+05	3.809e-08
1.070e+05	3.328e-08
1.072e+05	2.364e-08
1.073e+05	2.723e-08
1.075e+05	3.326e-08
1.077e+05	3.573e-08
1.078e+05	3.304e-08
1.080e+05	2.284e-08
1.082e+05	2.875e-08
1.083e+05	2.530e-08
1.085e+05	2.534e-08
1.087e+05	2.971e-08
1.088e+05	2.499e-08
1.090e+05	3.256e-08
1.092e+05	1.900e-08
1.093e+05	1.707e-08
1.095e+05	2.385e-08
1.097e+05	2.613e-08
1.098e+05	2.951e-08
1.100e+05	2.576e-08
1.102e+05	3.160e-08
1.103e+05	2.338e-08
1.105e+05	2.035e-08
1.107e+05	2.718e-08
1.108e+05	2.259e-08
1.110e+05	2.557e-08
1.112e+05	3.029e-08
1.113e+05	2.484e-08
1.115e+05	2.117e-08
1.117e+05	2.342e-08
1.118e+05	1.737e-08
1.120e+05	2.365e-08
1.122e+05	3.007e-08
1.123e+05	1.979e-08
1.125e+05	1.847e-08
1.127e+05	2.141e-08
1.128e+05	2.067e-08
1.130e+05	3.160e-08
1.132e+05	2.858e-08
1.133e+05	2.778e-08
1.135e+05	2.149e-08
1.137e+05	2.222e-08
1.138e+05	2.187e-08
1.140e+05	2.900e-08
1.142e+05	2.852e-08
1.143e+05	1.838e-08
1.145e+05	2.302e-08
1.147e+05	1.985e-08
1.148e+05	1.819e-08
1.150e+05	2.084e-08
1.152e+05	2.057e-08
1.153e+05	2.001e-08
1.155e+05	1.660e-08
1.157e+05	1.455e-08
1.158e+05	2.109e-08
1.160e+05	2.356e-08
1.162e+05	2.207e-08
1.163e+05	1.599e-08
1.165e+05	2.523e-08
1.167e+05	3.450e-08
1.168e+05	2.414e-08
1.170e+05	3.271e-08
1.172e+05	2.235e-08
1.173e+05	1.296e-08
1.175e+05	1.639e-08
1.177e+05	3.418e-08
1.178e+05	3.238e-08
1.180e+05	3.051e-08
1.182e+05	2.438e-08
1.183e+05	1.778e-08
1.185e+05	1.900e-08
1.187e+05	2.191e-08
1.188e+05	3.206e-08
1.190e+05	2.967e-08
1.192e+05	2.845e-08
1.193e+05	3.220e-08
1.195e+05	2.538e-08
1.197e+05	1.815e-08
1.198e+05	2.547e-08
1.200e+05	1.935e-08
1.202e+05	1.789e-08
1.203e+05	1.960e-08
1.205e+05	2.199e-08
1.207e+05	2.152e-08
1.208e+05	1.922e-08
1.210e+05	1.880e-08
1.212e+05	2.272e-08
1.213e+05	1.661e-08
1.215e+05	2.630e-08
1.217e+05	2.401e-08
1.218e+05	2.385e-08
1.220e+05	2.085e-08
1.222e+05	2.421e-08
1.223e+05	2.798e-08
1.225e+05	2.151e-08
1.227e+05	1.899e-08
1.228e+05	2.462e-08
1.230e+05	2.707e-08
1.232e+05	1.734e-08
1.233e+05	2.038e-08
1.235e+05	2.436e-08
1.237e+05	1.883e-08
1.238e+05	1.807e-08
1.240e+05	2.204e-08
1.242e+05	2.316e-08
1.243e+05	1.816e-08
1.245e+05	1.913e-08
1.247e+05	2.054e-08
1.248e+05	2.038e-08
1.250e+05	2.135e-08
1.252e+05	1.290e-08
1.253e+05	1.171e-08
1.255e+05	1.491e-08
1.257e+05	1.780e-08
1.258e+05	1.588e-08
1.260e+05	1.433e-08
1.262e+05	1.263e-08
1.263e+05	1.435e-08
1.265e+05	2.004e-08
1.267e+05	1.503e-08
1.268e+05	1.986e-08
1.270e+05	2.039e-08
1.272e+05	1.289e-08
1.273e+05	1.503e-08
1.275e+05	1.975e-08
1.277e+05	1.573e-08
1.278e+05	1.644e-08
1.280e+05	1.823e-08
1.282e+05	2.113e-08
1.283e+05	2.125e-08
1.285e+05	2.225e-08
1.287e+05	1.936e-08
1.288e+05	1.436e-08
1.290e+05	1.542e-08
1.292e+05	2.122e-08
1.293e+05	1.794e-08
1.295e+05	1.545e-08
1.297e+05	1.944e-08
1.298e+05	2.180e-08
1.300e+05	1.707e-08
1.302e+05	1.547e-08
1.303e+05	1.806e-08
1.305e+05	2.025e-08
1.307e+05	1.856e-08
1.308e+05	1.083e-08
1.310e+05	1.484e-08
1.312e+05	2.173e-08
1.313e+05	2.935e-08
1.315e+05	2.317e-08
1.317e+05	1.745e-08
1.318e+05	7.891e-09
1.320e+05	1.174e-08
1.322e+05	1.590e-08
1.323e+05	1.670e-08
1.325e+05	1.990e-08
1.327e+05	1.836e-08
1.328e+05	1.512e-08
1.330e+05	1.483e-08
1.332e+05	1.232e-08
1.333e+05	1.103e-08
1.335e+05	2.109e-08
1.337e+05	1.932e-08
1.338e+05	1.402e-08
1.340e+05	1.137e-08
1.342e+05	1.214e-08
1.343e+05	1.448e-08
1.345e+05	1.063e-08
1.347e+05	1.015e-08
1.348e+05	2.133e-08
1.350e+05	3.385e-08
1.352e+05	2.936e-08
1.353e+05	2.867e-08
1.355e+05	2.349e-08
1.357e+05	1.853e-08
1.358e+05	1.440e-08
1.360e+05	1.729e-08
1.362e+05	1.876e-08
1.363e+05	2.386e-08
1.365e+05	2.100e-08
1.367e+05	1.223e-08
1.368e+05	1.423e-08
1.370e+05	1.131e-08
1.372e+05	1.601e-08
1.373e+05	1.314e-08
1.375e+05	1.752e-08
1.377e+05	1.720e-08
1.378e+05	1.024e-08
1.380e+05	1.177e-08
1.382e+05	1.253e-08
1.383e+05	9.387e-09
1.385e+05	1.323e-08
1.387e+05	1.009e-08
1.388e+05	1.393e-08
1.390e+05	2.284e-08
1.392e+05	1.820e-08
1.393e+05	1.806e-08
1.395e+05	1.507e-08
1.397e+05	1.312e-08
1.398e+05	9.250e-09
1.400e+05	1.386e-08
1.402e+05	1.680e-08
1.403e+05	1.580e-08
1.405e+05	1.545e-08
1.407e+05	1.127e-08
1.408e+05	1.271e-08
1.410e+05	2.059e-08
1.412e+05	1.803e-08
1.413e+05	1.163e-08
1.415e+05	9.381e-09
1.417e+05	1.131e-08
1.418e+05	9.907e-09
1.420e+05	1.458e-08
1.422e+05	1.065e-08
1.423e+05	1.247e-08
1.425e+05	1.429e-08
1.427e+05	1.391e-08
1.428e+05	1.825e-08
1.430e+05	1.189e-08
1.432e+05	8.729e-09
1.433e+05	1.091e-08
1.435e+05	8.028e-09
1.437e+05	1.066e-08
1.438e+05	1.297e-08
1.440e+05	1.277e-08
1.442e+05	1.318e-08
1.443e+05	1.748e-08
1.445e+05	1.561e-08
1.447e+05	1.678e-08
1.448e+05	1.725e-08
1.450e+05	1.994e-08
1.452e+05	1.517e-08
1.453e+05	1.482e-08
1.455e+05	1.296e-08
1.457e+05	7.959e-09
1.458e+05	9.818e-09
1.460e+05	1.075e-08
1.462e+05	1.260e-08
1.463e+05	1.346e-08
1.465e+05	1.481e-08
1.467e+05	9.932e-09
1.468e+05	8.579e-09
1.470e+05	1.292e-08
1.472e+05	1.641e-08
1.473e+05	2.126e-08
1.475e+05	1.734e-08
1.477e+05	1.676e-08
1.478e+05	1.650e-08
1.480e+05	1.389e-08
1.482e+05	2.011e-08
1.483e+05	1.173e-08
1.485e+05	1.380e-08
1.487e+05	1.444e-08
1.488e+05	1.389e-08
1.490e+05	1.365e-08
1.492e+05	1.598e-08
1.493e+05	1.460e-08
1.495e+05	9.869e-09
1.497e+05	1.278e-08
1.498e+05	2.099e-08
1.500e+05	1.943e-08
1.502e+05	1.838e-08
1.503e+05	1.265e-08
1.505e+05	1.520e-08
1.507e+05	1.286e-08
1.508e+05	1.184e-08
1.510e+05	1.046e-08
1.512e+05	1.409e-08
1.513e+05	8.402e-09
1.515e+05	8.180e-09
1.517e+05	1.320e-08
1.518e+05	1.099e-08
1.520e+05	1.093e-08
1.522e+05	1.156e-08
1.523e+05	1.076e-08
1.525e+05	1.154e-08
1.527e+05	1.076e-08
1.528e+05	1.100e-08
1.530e+05	1.095e-08
1.532e+05	1.405e-08
1.533e+05	1.544e-08
1.535e+05	1.498e-08
1.537e+05	1.367e-08
1.538e+05	1.211e-08
1.540e+05	1.116e-08
1.542e+05	8.507e-09
1.543e+05	1.374e-08
1.545e+05	1.783e-08
1.547e+05	1.326e-08
1.548e+05	1.285e-08
1.550e+05	1.324e-08
1.552e+05	1.428e-08
1.553e+05	1.267e-08
1.555e+05	1.083e-08
1.557e+05	1.117e-08
1.558e+05	9.315e-09
1.560e+05	1.333e-08
1.562e+05	1.471e-08
1.563e+05	9.715e-09
1.565e+05	9.499e-09
1.567e+05	1.027e-08
1.568e+05	1.236e-08
1.570e+05	1.527e-08
1.572e+05	1.387e-08
1.573e+05	1.338e-08
1.575e+05	1.163e-08
1.577e+05	1.599e-08
1.578e+05	1.432e-08
1.580e+05	1.224e-08
1.582e+05	1.501e-08
1.583e+05	1.207e-08
1.585e+05	9.312e-09
1.587e+05	1.254e-08
1.588e+05	1.432e-08
1.590e+05	1.127e-08
1.592e+05	1.080e-08
1.593e+05	1.310e-08
1.595e+05	1.383e-08
1.597e+05	2.264e-08
1.598e+05	1.456e-08
1.600e+05	7.927e-09
1.602e+05	7.430e-09
1.603e+05	1.203e-08
1.605e+05	1.362e-08
1.607e+05	1.311e-08
1.608e+05	1.463e-08
1.610e+05	9.601e-09
1.612e+05	1.063e-08
1.613e+05	1.214e-08
1.615e+05	1.667e-08
1.617e+05	1.188e-08
1.618e+05	6.289e-09
1.620e+05	1.351e-08
1.622e+05	1.121e-08
1.623e+05	9.315e-09
1.625e+05	1.098e-08
1.627e+05	1.384e-08
1.628e+05	1.204e-08
1.630e+05	1.453e-08
1.632e+05	1.656e-08
1.633e+05	1.076e-08
1.635e+05	1.013e-08
1.637e+05	9.669e-09
1.638e+05	9.007e-09
1.640e+05	1.073e-08
1.642e+05	1.300e-08
1.643e+05	8.192e-09
1.645e+05	1.269e-08
1.647e+05	1.390e-08
1.648e+05	1.354e-08
1.650e+05	1.281e-08
1.652e+05	1.138e-08
1.653e+05	9.620e-09
1.655e+05	1.434e-08
1.657e+05	1.110e-08
1.658e+05	1.002e-08
1.660e+05	1.293e-08
1.662e+05	1.085e-08
1.663e+05	9.981e-09
1.665e+05	8.639e-09
1.667e+05	6.849e-09
1.668e+05	8.884e-09
1.670e+05	8.323e-09
1.672e+05	8.657e-09
1.673e+05	1.127e-08
1.675e+05	8.550e-09
1.677e+05	6.905e-09
1.678e+05	7.798e-09
1.680e+05	9.367e-09
1.682e+05	7.182e-09
1.683e+05	8.984e-09
1.685e+05	9.111e-09
1.687e+05	9.393e-09
1.688e+05	7.777e-09
1.690e+05	9.101e-09
1.692e+05	7.113e-09
1.693e+05	7.100e-09
1.695e+05	1.199e-08
1.697e+05	1.275e-08
1.698e+05	9.059e-09
1.700e+05	9.994e-09
1.702e+05	1.032e-08
1.703e+05	9.399e-09
1.705e+05	1.146e-08
1.707e+05	1.237e-08
1.708e+05	1.188e-08
1.710e+05	1.204e-08
1.712e+05	1.105e-08
1.713e+05	9.958e-09
1.715e+05	9.279e-09
1.717e+05	7.870e-09
1.718e+05	5.679e-09
1.720e+05	4.603e-09
1.722e+05	8.416e-09
1.723e+05	7.462e-09
1.725e+05	7.200e-09
1.727e+05	5.341e-09
1.728e+05	8.575e-09
1.730e+05	1.092e-08
1.732e+05	8.328e-09
1.733e+05	1.013e-08
1.735e+05	1.100e-08
1.737e+05	1.406e-08
1.738e+05	1.246e-08
1.740e+05	8.683e-09
1.742e+05	8.112e-09
1.743e+05	5.688e-09
1.745e+05	6.637e-09
1.747e+05	9.688e-09
1.748e+05	1.022e-08
1.750e+05	9.918e-09
1.752e+05	9.405e-09
1.753e+05	9.645e-09
1.755e+05	1.100e-08
1.757e+05	8.161e-09
1.758e+05	9.515e-09
1.760e+05	1.054e-08
1.762e+05	1.227e-08
1.763e+05	8.738e-09
1.765e+05	7.896e-09
1.767e+05	8.481e-09
1.768e+05	8.343e-09
1.770e+05	9.574e-09
1.772e+05	8.280e-09
1.773e+05	5.123e-09
1.775e+05	4.207e-09
1.777e+05	5.713e-09
1.778e+05	7.987e-09
1.780e+05	1.154e-08
1.782e+05	1.138e-08
1.783e+05	6.586e-09
1.785e+05	7.353e-09
1.787e+05	7.329e-09
1.788e+05	9.446e-09
1.790e+05	9.669e-09
1.792e+05	7.462e-09
1.793e+05	5.640e-09
1.795e+05	7.109e-09
1.797e+05	9.619e-09
1.798e+05	8.447e-09
1.800e+05	9.987e-09
1.802e+05	9.093e-09
1.803e+05	8.342e-09
1.805e+05	9.063e-09
1.807e+05	8.717e-09
1.808e+05	9.214e-09
1.810e+05	8.757e-09
1.812e+05	8.591e-09
1.813e+05	5.220e-09
1.815e+05	7.802e-09
1.817e+05	8.763e-09
1.818e+05	1.111e-08
1.820e+05	1.006e-08
1.822e+05	1.080e-08
1.823e+05	1.444e-08
1.825e+05	1.284e-08
1.827e+05	9.748e-09
1.828e+05	8.551e-09
1.830e+05	8.218e-09
1.832e+05	1.168e-08
1.833e+05	1.256e-08
1.835e+05	1.090e-08
1.837e+05	6.284e-09
1.838e+05	4.888e-09
1.840e+05	7.297e-09
1.842e+05	7.599e-09
1.843e+05	5.534e-09
1.845e+05	7.108e-09
1.847e+05	4.561e-09
1.848e+05	6.081e-09
1.850e+05	8.892e-09
1.852e+05	8.930e-09
1.853e+05	5.744e-09
1.855e+05	7.628e-09
1.857e+05	8.270e-09
1.858e+05	7.386e-09
1.860e+05	7.505e-09
1.862e+05	8.405e-09
1.863e+05	8.769e-09
1.865e+05	8.014e-09
1.867e+05	6.790e-09
1.868e+05	6.856e-09
1.870e+05	7.022e-09
1.872e+05	7.545e-09
1.873e+05	6.582e-09
1.875e+05	7.662e-09
1.877e+05	5.313e-09
1.878e+05	7.014e-09
1.880e+05	7.494e-09
1.882e+05	6.406e-09
1.883e+05	5.166e-09
1.885e+05	6.254e-09
1.887e+05	7.886e-09
1.888e+05	7.710e-09
1.890e+05	7.255e-09
1.892e+05	7.539e-09
1.893e+05	7.018e-09
1.895e+05	7.479e-09
1.897e+05	9.759e-09
1.898e+05	8.282e-09
1.900e+05	9.632e-09
1.902e+05	1.078e-08
1.903e+05	9.781e-09
1.905e+05	6.107e-09
1.907e+05	4.683e-09
1.908e+05	5.081e-09
1.910e+05	7.278e-09
1.912e+05	7.730e-09
1.913e+05	6.706e-09
1.915e+05	5.952e-09
1.917e+05	1.265e-08
1.918e+05	1.008e-08
1.920e+05	7.320e-09
1.922e+05	8.385e-09
1.923e+05	9.443e-09
1.925e+05	7.970e-09
1.927e+05	4.451e-09
1.928e+05	7.735e-09
1.930e+05	8.508e-09
1.932e+05	6.310e-09
1.933e+05	6.849e-09
1.935e+05	4.242e-09
1.937e+05	3.752e-09
1.938e+05	5.414e-09
1.940e+05	6.377e-09
1.942e+05	8.226e-09
1.943e+05	7.746e-09
1.945e+05	7.701e-09
1.947e+05	5.932e-09
1.948e+05	5.815e-09
1.950e+05	8.112e-09
1.952e+05	8.063e-09
1.953e+05	7.755e-09
1.955e+05	6.307e-09
1.957e+05	5.232e-09
1.958e+05	4.230e-09
1.960e+05	6.278e-09
1.962e+05	6.921e-09
1.963e+05	5.363e-09
1.965e+05	6.689e-09
1.967e+05	8.311e-09
1.968e+05	7.792e-09
1.970e+05	8.218e-09
1.972e+05	7.128e-09
1.973e+05	7.219e-09
1.975e+05	7.093e-09
1.977e+05	6.580e-09
1.978e+05	5.628e-09
1.980e+05	7.327e-09
1.982e+05	7.539e-09
1.983e+05	7.012e-09
1.985e+05	8.860e-09
1.987e+05	4.959e-09
1.988e+05	5.135e-09
1.990e+05	9.764e-09
1.992e+05	9.701e-09
1.993e+05	5.355e-09
1.995e+05	5.773e-09
1.997e+05	7.582e-09
1.998e+05	4.967e-09
2.000e+05	5.322e-09
2.007e+05	8.130e-09
2.013e+05	7.199e-09
2.020e+05	5.495e-09
2.027e+05	4.663e-09
2.033e+05	5.794e-09
2.040e+05	8.515e-09
2.047e+05	6.937e-09
2.053e+05	5.737e-09
2.060e+05	8.042e-09
2.067e+05	6.428e-09
2.073e+05	4.950e-09
2.080e+05	5.365e-09
2.087e+05	3.690e-09
2.093e+05	3.569e-09
2.100e+05	4.552e-09
2.107e+05	5.580e-09
2.113e+05	5.595e-09
2.120e+05	6.159e-09
2.127e+05	4.036e-09
2.133e+05	4.131e-09
2.140e+05	3.644e-09
2.147e+05	2.963e-09
2.153e+05	5.206e-09
2.160e+05	5.792e-09
2.167e+05	5.446e-09
2.173e+05	6.058e-09
2.180e+05	5.974e-09
2.187e+05	5.597e-09
2.193e+05	5.916e-09
2.200e+05	6.260e-09
2.207e+05	6.014e-09
2.213e+05	5.543e-09
2.220e+05	4.707e-09
2.227e+05	5.234e-09
2.233e+05	4.206e-09
2.240e+05	4.300e-09
2.247e+05	3.888e-09
2.253e+05	5.548e-09
2.260e+05	7.038e-09
2.267e+05	5.758e-09
2.273e+05	2.903e-09
2.280e+05	2.906e-09
2.287e+05	3.460e-09
2.293e+05	4.395e-09
2.300e+05	5.118e-09
2.307e+05	3.771e-09
2.313e+05	4.901e-09
2.320e+05	3.666e-09
2.327e+05	2.849e-09
2.333e+05	4.345e-09
2.340e+05	6.779e-09
2.347e+05	6.573e-09
2.353e+05	4.597e-09
2.360e+05	3.882e-09
2.367e+05	3.755e-09
2.373e+05	3.015e-09
2.380e+05	4.240e-09
2.387e+05	4.260e-09
2.393e+05	3.793e-09
2.400e+05	2.585e-09
2.407e+05	3.343e-09
2.413e+05	4.229e-09
2.420e+05	2.756e-09
2.427e+05	3.059e-09
2.433e+05	3.461e-09
2.440e+05	2.515e-09
2.447e+05	3.150e-09
2.453e+05	2.528e-09
2.460e+05	2.875e-09
2.467e+05	2.158e-09
2.473e+05	3.178e-09
2.480e+05	3.524e-09
2.487e+05	3.813e-09
2.493e+05	4.054e-09
2.500e+05	2.674e-09
2.507e+05	3.132e-09
2.513e+05	3.773e-09
2.520e+05	4.473e-09
2.527e+05	4.711e-09
2.533e+05	4.128e-09
2.540e+05	3.860e-09
2.547e+05	4.117e-09
2.553e+05	2.610e-09
2.560e+05	3.800e-09
2.567e+05	3.107e-09
2.573e+05	2.600e-09
2.580e+05	2.884e-09
2.587e+05	3.693e-09
2.593e+05	3.035e-09
2.600e+05	4.717e-09
2.607e+05	4.720e-09
2.613e+05	4.192e-09
2.620e+05	3.805e-09
2.627e+05	3.492e-09
2.633e+05	1.709e-09
2.640e+05	1.227e-09
2.647e+05	2.482e-09
2.653e+05	3.318e-09
2.660e+05	2.219e-09
2.667e+05	3.154e-09
2.673e+05	1.945e-09
2.680e+05	2.650e-09
2.687e+05	2.251e-09
2.693e+05	2.668e-09
2.700e+05	3.328e-09
2.707e+05	3.555e-09
2.713e+05	4.103e-09
2.720e+05	3.802e-09
2.727e+05	2.810e-09
2.733e+05	3.926e-09
2.740e+05	2.529e-09
2.747e+05	2.933e-09
2.753e+05	3.542e-09
2.760e+05	3.575e-09
2.767e+05	3.405e-09
2.773e+05	2.083e-09
2.780e+05	1.830e-09
2.787e+05	3.052e-09
2.793e+05	3.529e-09
2.800e+05	2.962e-09
2.807e+05	2.041e-09
2.813e+05	1.465e-09
2.820e+05	1.950e-09
2.827e+05	2.828e-09
2.833e+05	2.528e-09
2.840e+05	3.585e-09
2.847e+05	4.168e-09
2.853e+05	4.118e-09
2.860e+05	4.469e-09
2.867e+05	3.525e-09
2.873e+05	3.220e-09
2.880e+05	2.734e-09
2.887e+05	2.940e-09
2.893e+05	2.663e-09
2.900e+05	3.017e-09
2.907e+05	1.979e-09
2.913e+05	1.636e-09
2.920e+05	3.072e-09
2.927e+05	2.704e-09
2.933e+05	2.732e-09
2.940e+05	2.946e-09
2.947e+05	1.945e-09
2.953e+05	2.301e-09
2.960e+05	3.007e-09
2.967e+05	2.753e-09
2.973e+05	2.745e-09
2.980e+05	3.297e-09
2.987e+05	2.259e-09
2.993e+05	2.097e-09
3.000e+05	1.742e-09
3.007e+05	2.075e-09
3.013e+05	2.149e-09
3.020e+05	1.781e-09
3.027e+05	2.225e-09
3.033e+05	2.034e-09
3.040e+05	1.271e-09
3.047e+05	1.699e-09
3.053e+05	2.194e-09
3.060e+05	2.814e-09
3.067e+05	2.853e-09
3.073e+05	2.779e-09
3.080e+05	1.976e-09
3.087e+05	2.619e-09
3.093e+05	3.118e-09
3.100e+05	2.177e-09
3.107e+05	1.582e-09
3.113e+05	1.854e-09
3.120e+05	1.872e-09
3.127e+05	1.976e-09
3.133e+05	2.976e-09
3.140e+05	2.985e-09
3.147e+05	2.041e-09
3.153e+05	1.564e-09
3.160e+05	2.117e-09
3.167e+05	1.509e-09
3.173e+05	1.351e-09
3.180e+05	1.550e-09
3.187e+05	2.070e-09
3.193e+05	2.535e-09
3.200e+05	2.104e-09
3.207e+05	2.253e-09
3.213e+05	2.604e-09
3.220e+05	3.206e-09
3.227e+05	2.683e-09
3.233e+05	2.301e-09
3.240e+05	2.067e-09
3.247e+05	1.682e-09
3.253e+05	2.033e-09
3.260e+05	1.864e-09
3.267e+05	1.528e-09
3.273e+05	1.374e-09
3.280e+05	1.940e-09
3.287e+05	2.505e-09
3.293e+05	2.439e-09
3.300e+05	2.019e-09
3.307e+05	1.807e-09
3.313e+05	1.648e-09
3.320e+05	1.527e-09
3.327e+05	1.265e-09
3.333e+05	1.918e-09
3.340e+05	1.956e-09
3.347e+05	1.426e-09
3.353e+05	1.400e-09
3.360e+05	1.584e-09
3.367e+05	1.017e-09
3.373e+05	1.398e-09
3.380e+05	2.730e-09
3.387e+05	2.374e-09
3.393e+05	1.411e-09
3.400e+05	1.732e-09
3.407e+05	1.990e-09
3.413e+05	1.596e-09
3.420e+05	1.643e-09
3.427e+05	1.858e-09
3.433e+05	1.595e-09
3.440e+05	1.130e-09
3.447e+05	1.070e-09
3.453e+05	1.493e-09
3.460e+05	1.439e-09
3.467e+05	1.229e-09
3.473e+05	1.457e-09
3.480e+05	1.809e-09
3.487e+05	1.508e-09
3.493e+05	1.048e-09
3.500e+05	1.178e-09
3.507e+05	1.768e-09
3.513e+05	1.879e-09
3.520e+05	1.595e-09
3.527e+05	1.341e-09
3.533e+05	1.226e-09
3.540e+05	1.769e-09
3.547e+05	1.831e-09
3.553e+05	1.753e-09
3.560e+05	1.703e-09
3.567e+05	1.919e-09
3.573e+05	1.371e-09
3.580e+05	1.742e-09
3.587e+05	2.125e-09
3.593e+05	1.278e-09
3.600e+05	1.861e-09
3.607e+05	1.202e-09
3.613e+05	1.416e-09
3.620e+05	2.084e-09
3.627e+05	1.693e-09
3.633e+05	1.223e-09
3.640e+05	1.812e-09
3.647e+05	1.609e-09
3.653e+05	1.080e-09
3.660e+05	1.381e-09
3.667e+05	1.536e-09
3.673e+05	1.944e-09
3.680e+05	2.477e-09
3.687e+05	1.892e-09
3.693e+05	2.314e-09
3.700e+05	2.057e-09
3.707e+05	8.403e-10
3.713e+05	1.055e-09
3.720e+05	1.142e-09
3.727e+05	1.452e-09
3.733e+05	1.540e-09
3.740e+05	1.541e-09
3.747e+05	1.724e-09
3.753e+05	1.823e-09
3.760e+05	1.334e-09
3.767e+05	2.106e-09
3.773e+05	2.027e-09
3.780e+05	1.313e-09
3.787e+05	1.022e-09
3.793e+05	1.145e-09
3.800e+05	8.811e-10
3.807e+05	1.122e-09
3.813e+05	1.032e-09
3.820e+05	7.527e-10
3.827e+05	1.042e-09
3.833e+05	1.582e-09
3.840e+05	1.950e-09
3.847e+05	2.067e-09
3.853e+05	1.334e-09
3.860e+05	1.367e-09
3.867e+05	1.269e-09
3.873e+05	8.874e-10
3.880e+05	9.082e-10
3.887e+05	1.333e-09
3.893e+05	1.559e-09
3.900e+05	1.568e-09
3.907e+05	1.136e-09
3.913e+05	1.156e-09
3.920e+05	1.046e-09
3.927e+05	9.451e-10
3.933e+05	2.040e-09
3.940e+05	1.987e-09
3.947e+05	1.289e-09
3.953e+05	1.072e-09
3.960e+05	7.151e-10
3.967e+05	1.341e-09
3.973e+05	1.347e-09
3.980e+05	1.308e-09
3.987e+05	8.582e-10
3.993e+05	1.614e-09
4.000e+05	1.747e-09
4.007e+05	1.251e-09
4.013e+05	1.359e-09
4.020e+05	1.352e-09
4.027e+05	1.105e-09
4.033e+05	1.708e-09
4.040e+05	1.436e-09
4.047e+05	1.455e-09
4.053e+05	1.230e-09
4.060e+05	1.558e-09
4.067e+05	2.100e-09
4.073e+05	1.691e-09
4.080e+05	1.539e-09
4.087e+05	1.395e-09
4.093e+05	1.169e-09
4.100e+05	8.855e-10
4.107e+05	1.180e-09
4.113e+05	1.364e-09
4.120e+05	9.483e-10
4.127e+05	8.468e-10
4.133e+05	8.566e-10
4.140e+05	1.011e-09
4.147e+05	1.308e-09
4.153e+05	1.317e-09
4.160e+05	1.064e-09
4.167e+05	1.032e-09
4.173e+05	9.716e-10
4.180e+05	1.095e-09
4.187e+05	1.230e-09
4.193e+05	1.093e-09
4.200e+05	8.370e-10
4.207e+05	1.424e-09
4.213e+05	1.494e-09
4.220e+05	1.118e-09
4.227e+05	8.151e-10
4.233e+05	1.025e-09
4.240e+05	1.157e-09
4.247e+05	1.185e-09
4.253e+05	8.632e-10
4.260e+05	1.071e-09
4.267e+05	1.014e-09
4.273e+05	9.952e-10
4.280e+05	1.064e-09
4.287e+05	8.009e-10
4.293e+05	8.285e-10
4.300e+05	6.960e-10
4.307e+05	6.475e-10
4.313e+05	9.409e-10
4.320e+05	1.408e-09
4.327e+05	1.305e-09
4.333e+05	9.180e-10
4.340e+05	9.344e-10
4.347e+05	1.259e-09
4.353e+05	1.082e-09
4.360e+05	1.285e-09
4.367e+05	1.036e-09
4.373e+05	8.302e-10
4.380e+05	7.033e-10
4.387e+05	7.912e-10
4.393e+05	7.752e-10
4.400e+05	8.713e-10
4.407e+05	1.060e-09
4.413e+05	1.050e-09
4.420e+05	7.156e-10
4.427e+05	1.296e-09
4.433e+05	1.227e-09
4.440e+05	9.392e-10
4.447e+05	6.520e-10
4.453e+05	7.298e-10
4.460e+05	9.376e-10
4.467e+05	1.033e-09
4.473e+05	8.028e-10
4.480e+05	7.536e-10
4.487e+05	9.282e-10
4.493e+05	8.062e-10
4.500e+05	8.016e-10
4.507e+05	9.801e-10
4.513e+05	1.143e-09
4.520e+05	8.769e-10
4.527e+05	7.147e-10
4.533e+05	4.839e-10
4.540e+05	7.497e-10
4.547e+05	1.036e-09
4.553e+05	1.268e-09
4.560e+05	1.334e-09
4.567e+05	1.009e-09
4.573e+05	9.021e-10
4.580e+05	7.774e-10
4.587e+05	8.344e-10
4.593e+05	1.094e-09
4.600e+05	9.772e-10
4.607e+05	9.657e-10
4.613e+05	8.786e-10
4.620e+05	9.821e-10
4.627e+05	8.041e-10
4.633e+05	8.589e-10
4.640e+05	6.566e-10
4.647e+05	7.573e-10
4.653e+05	9.923e-10
4.660e+05	7.221e-10
4.667e+05	4.638e-10
4.673e+05	6.422e-10
4.680e+05	5.835e-10
4.687e+05	5.084e-10
4.693e+05	4.816e-10
4.700e+05	6.435e-10
4.707e+05	6.538e-10
4.713e+05	5.083e-10
4.720e+05	7.956e-10
4.727e+05	9.862e-10
4.733e+05	1.059e-09
4.740e+05	9.531e-10
4.747e+05	7.559e-10
4.753e+05	7.782e-10
4.760e+05	7.519e-10
4.767e+05	7.382e-10
4.773e+05	8.774e-10
4.780e+05	8.665e-10
4.787e+05	7.413e-10
4.793e+05	8.450e-10
4.800e+05	9.180e-10
4.807e+05	8.246e-10
4.813e+05	7.987e-10
4.820e+05	8.427e-10
4.827e+05	6.325e-10
4.833e+05	3.919e-10
4.840e+05	6.949e-10
4.847e+05	6.582e-10
4.853e+05	6.297e-10
4.860e+05	6.207e-10
4.867e+05	7.782e-10
4.873e+05	1.133e-09
4.880e+05	9.518e-10
4.887e+05	6.314e-10
4.893e+05	5.319e-10
4.900e+05	6.971e-10
4.907e+05	6.973e-10
4.913e+05	8.026e-10
4.920e+05	1.082e-09
4.927e+05	9.739e-10
4.933e+05	5.677e-10
4.940e+05	6.500e-10
4.947e+05	5.876e-10
4.953e+05	5.720e-10
4.960e+05	4.589e-10
4.967e+05	3.560e-10
4.973e+05	4.527e-10
4.980e+05	5.380e-10
4.987e+05	5.368e-10
4.993e+05	6.170e-10
5.000e+05	5.396e-10
5.007e+05	5.124e-10
5.013e+05	5.564e-10
5.020e+05	5.890e-10
5.027e+05	5.484e-10
5.033e+05	7.025e-10
5.040e+05	6.004e-10
5.047e+05	5.157e-10
5.053e+05	4.982e-10
5.060e+05	5.736e-10
5.067e+05	6.357e-10
5.073e+05	5.855e-10
5.080e+05	6.902e-10
5.087e+05	4.762e-10
5.093e+05	5.985e-10
5.100e+05	5.642e-10
5.107e+05	6.979e-10
5.113e+05	7.322e-10
5.120e+05	7.816e-10
5.127e+05	7.696e-10
5.133e+05	6.055e-10
5.140e+05	5.340e-10
5.147e+05	5.678e-10
5.153e+05	7.359e-10
5.160e+05	7.536e-10
5.167e+05	5.574e-10
5.173e+05	5.317e-10
5.180e+05	5.526e-10
5.187e+05	5.086e-10
5.193e+05	4.245e-10
5.200e+05	4.127e-10
5.207e+05	4.631e-10
5.213e+05	4.557e-10
5.220e+05	6.501e-10
5.227e+05	5.906e-10
5.233e+05	6.310e-10
5.240e+05	6.935e-10
5.247e+05	5.859e-10
5.253e+05	5.622e-10
5.260e+05	6.211e-10
5.267e+05	5.968e-10
5.273e+05	5.386e-10
5.280e+05	6.422e-10
5.287e+05	7.683e-10
5.293e+05	6.759e-10
5.300e+05	5.218e-10
5.307e+05	6.416e-10
5.313e+05	6.885e-10
5.320e+05	5.661e-10
5.327e+05	5.746e-10
5.333e+05	6.191e-10
5.340e+05	4.003e-10
5.347e+05	4.586e-10
5.353e+05	5.854e-10
5.360e+05	5.932e-10
5.367e+05	5.071e-10
5.373e+05	4.858e-10
5.380e+05	5.771e-10
5.387e+05	5.852e-10
5.393e+05	5.083e-10
5.400e+05	6.347e-10
5.407e+05	6.962e-10
5.413e+05	6.853e-10
5.420e+05	6.942e-10
5.427e+05	6.263e-10
5.433e+05	5.928e-10
5.440e+05	6.148e-10
5.447e+05	6.438e-10
5.453e+05	7.339e-10
5.460e+05	5.819e-10
5.467e+05	5.991e-10
5.473e+05	5.713e-10
5.480e+05	4.076e-10
5.487e+05	4.715e-10
5.493e+05	5.565e-10
5.500e+05	6.088e-10
5.507e+05	5.313e-10
5.513e+05	5.286e-10
5.520e+05	3.934e-10
5.527e+05	5.378e-10
5.533e+05	6.071e-10
5.540e+05	5.902e-10
5.547e+05	6.794e-10
5.553e+05	5.793e-10
5.560e+05	5.358e-10
5.567e+05	4.449e-10
5.573e+05	4.202e-10
5.580e+05	4.973e-10
5.587e+05	3.536e-10
5.593e+05	3.911e-10
5.600e+05	5.160e-10
5.607e+05	5.425e-10
5.613e+05	4.420e-10
5.620e+05	3.764e-10
5.627e+05	4.402e-10
5.633e+05	6.307e-10
5.640e+05	5.621e-10
5.647e+05	5.081e-10
5.653e+05	5.544e-10
5.660e+05	6.120e-10
5.667e+05	6.019e-10
5.673e+05	4.348e-10
5.680e+05	4.568e-10
5.687e+05	4.536e-10
5.693e+05	2.913e-10
5.700e+05	4.328e-10
5.707e+05	4.771e-10
5.713e+05	3.854e-10
5.720e+05	4.579e-10
5.727e+05	5.737e-10
5.733e+05	4.875e-10
5.740e+05	4.207e-10
5.747e+05	4.234e-10
5.753e+05	3.882e-10
5.760e+05	4.922e-10
5.767e+05	7.507e-10
5.773e+05	4.639e-10
5.780e+05	4.741e-10
5.787e+05	4.674e-10
5.793e+05	5.301e-10
5.800e+05	4.360e-10
5.807e+05	5.039e-10
5.813e+05	4.739e-10
5.820e+05	4.160e-10
5.827e+05	4.100e-10
5.833e+05	3.763e-10
5.840e+05	3.822e-10
5.847e+05	3.109e-10
5.853e+05	4.561e-10
5.860e+05	4.549e-10
5.867e+05	5.374e-10
5.873e+05	3.183e-10
5.880e+05	3.747e-10
5.887e+05	5.198e-10
5.893e+05	3.620e-10
5.900e+05	3.720e-10
5.907e+05	3.380e-10
5.913e+05	5.092e-10
5.920e+05	5.541e-10
5.927e+05	4.337e-10
5.933e+05	5.802e-10
5.940e+05	4.633e-10
5.947e+05	3.524e-10
5.953e+05	4.086e-10
5.960e+05	3.328e-10
5.967e+05	2.978e-10
5.973e+05	4.434e-10
5.980e+05	4.554e-10
5.987e+05	4.042e-10
5.993e+05	3.530e-10
6.000e+05	4.077e-10
6.007e+05	4.367e-10
6.013e+05	3.299e-10
6.020e+05	2.527e-10
6.027e+05	3.030e-10
6.033e+05	5.121e-10
6.040e+05	8.119e-10
6.047e+05	6.873e-10
6.053e+05	6.012e-10
6.060e+05	4.315e-10
6.067e+05	4.610e-10
6.073e+05	6.418e-10
6.080e+05	5.013e-10
6.087e+05	4.753e-10
6.093e+05	3.461e-10
6.100e+05	2.877e-10
6.107e+05	3.562e-10
6.113e+05	4.223e-10
6.120e+05	4.285e-10
6.127e+05	3.277e-10
6.133e+05	4.012e-10
6.140e+05	4.467e-10
6.147e+05	3.465e-10
6.153e+05	3.444e-10
6.160e+05	2.866e-10
6.167e+05	3.417e-10
6.173e+05	3.959e-10
6.180e+05	3.006e-10
6.187e+05	4.223e-10
6.193e+05	3.479e-10
6.200e+05	4.614e-10
6.207e+05	3.016e-10
6.213e+05	3.000e-10
6.220e+05	4.093e-10
6.227e+05	3.761e-10
6.233e+05	4.768e-10
6.240e+05	4.802e-10
6.247e+05	3.515e-10
6.253e+05	4.371e-10
6.260e+05	4.823e-10
6.267e+05	3.725e-10
6.273e+05	3.276e-10
6.280e+05	2.904e-10
6.287e+05	3.398e-10
6.293e+05	4.776e-10
6.300e+05	5.409e-10
6.307e+05	4.509e-10
6.313e+05	4.087e-10
6.320e+05	3.467e-10
6.327e+05	3.915e-10
6.333e+05	4.417e-10
6.340e+05	4.395e-10
6.347e+05	4.296e-10
6.353e+05	5.449e-10
6.360e+05	3.368e-10
6.367e+05	3.684e-10
6.373e+05	3.898e-10
6.380e+05	3.859e-10
6.387e+05	2.674e-10
6.393e+05	2.187e-10
6.400e+05	3.524e-10
6.407e+05	4.840e-10
6.413e+05	5.535e-10
6.420e+05	5.624e-10
6.427e+05	4.601e-10
6.433e+05	3.633e-10
6.440e+05	4.096e-10
6.447e+05	4.208e-10
6.453e+05	4.032e-10
6.460e+05	2.611e-10
6.467e+05	2.187e-10
6.473e+05	3.903e-10
6.480e+05	3.658e-10
6.487e+05	2.916e-10
6.493e+05	2.515e-10
6.500e+05	2.514e-10
6.507e+05	2.921e-10
6.513e+05	2.692e-10
6.520e+05	3.319e-10
6.527e+05	2.891e-10
6.533e+05	2.402e-10
6.540e+05	2.638e-10
6.547e+05	1.904e-10
6.553e+05	3.793e-10
6.560e+05	4.809e-10
6.567e+05	3.580e-10
6.573e+05	4.247e-10
6.580e+05	4.348e-10
6.587e+05	3.533e-10
6.593e+05	3.415e-10
6.600e+05	3.207e-10
6.607e+05	3.958e-10
6.613e+05	4.148e-10
6.620e+05	1.971e-10
6.627e+05	2.510e-10
6.633e+05	3.860e-10
6.640e+05	4.562e-10
6.647e+05	4.354e-10
6.653e+05	4.235e-10
6.660e+05	3.406e-10
6.667e+05	2.908e-10
6.673e+05	2.581e-10
6.680e+05	2.308e-10
6.687e+05	2.572e-10
6.693e+05	3.671e-10
6.700e+05	4.228e-10
6.707e+05	4.365e-10
6.713e+05	3.942e-10
6.720e+05	3.639e-10
6.727e+05	2.443e-10
6.733e+05	2.608e-10
6.740e+05	3.257e-10
6.747e+05	3.365e-10
6.753e+05	2.995e-10
6.760e+05	3.188e-10
6.767e+05	2.951e-10
6.773e+05	3.745e-10
6.780e+05	4.382e-10
6.787e+05	3.030e-10
6.793e+05	2.634e-10
6.800e+05	3.406e-10
6.807e+05	2.816e-10
6.813e+05	3.423e-10
6.820e+05	2.467e-10
6.827e+05	2.874e-10
6.833e+05	3.256e-10
6.840e+05	2.620e-10
6.847e+05	2.753e-10
6.853e+05	3.810e-10
6.860e+05	2.936e-10
6.867e+05	2.292e-10
6.873e+05	2.649e-10
6.880e+05	2.951e-10
6.887e+05	2.268e-10
6.893e+05	3.147e-10
6.900e+05	3.796e-10
6.907e+05	3.564e-10
6.913e+05	3.003e-10
6.920e+05	2.644e-10
6.927e+05	3.022e-10
6.933e+05	2.956e-10
6.940e+05	2.562e-10
6.947e+05	3.031e-10
6.953e+05	1.700e-10
6.960e+05	1.678e-10
6.967e+05	2.705e-10
6.973e+05	2.995e-10
6.980e+05	3.299e-10
6.987e+05	2.224e-10
6.993e+05	3.162e-10
7.000e+05	4.156e-10
7.007e+05	3.463e-10
7.013e+05	3.327e-10
7.020e+05	3.341e-10
7.027e+05	3.171e-10
7.033e+05	3.277e-10
7.040e+05	2.661e-10
7.047e+05	2.198e-10
7.053e+05	2.409e-10
7.060e+05	1.955e-10
7.067e+05	1.963e-10
7.073e+05	3.311e-10
7.080e+05	2.781e-10
7.087e+05	3.098e-10
7.093e+05	2.627e-10
7.100e+05	2.831e-10
7.107e+05	1.926e-10
7.113e+05	8.488e-11
7.120e+05	1.660e-10
7.127e+05	2.448e-10
7.133e+05	3.130e-10
7.140e+05	3.012e-10
7.147e+05	3.068e-10
7.153e+05	4.139e-10
7.160e+05	3.837e-10
7.167e+05	3.146e-10
7.173e+05	2.412e-10
7.180e+05	2.466e-10
7.187e+05	2.700e-10
7.193e+05	2.618e-10
7.200e+05	2.423e-10
7.207e+05	2.149e-10
7.213e+05	1.285e-10
7.220e+05	1.835e-10
7.227e+05	2.804e-10
7.233e+05	3.339e-10
7.240e+05	3.597e-10
7.247e+05	2.611e-10
7.253e+05	2.684e-10
7.260e+05	2.629e-10
7.267e+05	1.933e-10
7.273e+05	1.953e-10
7.280e+05	2.595e-10
7.287e+05	3.113e-10
7.293e+05	3.710e-10
7.300e+05	3.777e-10
7.307e+05	2.053e-10
7.313e+05	1.709e-10
7.320e+05	1.448e-10
7.327e+05	1.659e-10
7.333e+05	1.817e-10
7.340e+05	1.835e-10
7.347e+05	1.634e-10
7.353e+05	2.115e-10
7.360e+05	1.958e-10
7.367e+05	2.695e-10
7.373e+05	2.756e-10
7.380e+05	2.296e-10
7.387e+05	1.792e-10
7.393e+05	2.489e-10
7.400e+05	2.128e-10
7.407e+05	2.494e-10
7.413e+05	2.775e-10
7.420e+05	2.399e-10
7.427e+05	2.883e-10
7.433e+05	2.343e-10
7.440e+05	1.904e-10
7.447e+05	2.854e-10
7.453e+05	2.722e-10
7.460e+05	2.244e-10
7.467e+05	1.781e-10
7.473e+05	2.207e-10
7.480e+05	2.813e-10
7.487e+05	2.734e-10
7.493e+05	2.049e-10
7.500e+05	2.190e-10
7.507e+05	2.488e-10
7.513e+05	2.857e-10
7.520e+05	2.344e-10
7.527e+05	2.101e-10
7.533e+05	2.298e-10
7.540e+05	2.132e-10
7.547e+05	2.889e-10
7.553e+05	3.345e-10
7.560e+05	2.373e-10
7.567e+05	1.787e-10
7.573e+05	2.700e-10
7.580e+05	2.810e-10
7.587e+05	1.815e-10
7.593e+05	2.120e-10
7.600e+05	2.327e-10
7.607e+05	2.551e-10
7.613e+05	2.664e-10
7.620e+05	2.317e-10
7.627e+05	2.146e-10
7.633e+05	2.443e-10
7.640e+05	2.559e-10
7.647e+05	2.166e-10
7.653e+05	1.697e-10
7.660e+05	1.352e-10
7.667e+05	1.559e-10
7.673e+05	1.024e-10
7.680e+05	1.244e-10
7.687e+05	1.816e-10
7.693e+05	2.414e-10
7.700e+05	2.290e-10
7.707e+05	2.171e-10
7.713e+05	1.870e-10
7.720e+05	1.194e-10
7.727e+05	2.154e-10
7.733e+05	2.026e-10
7.740e+05	1.818e-10
7.747e+05	1.771e-10
7.753e+05	2.276e-10
7.760e+05	1.866e-10
7.767e+05	1.965e-10
7.773e+05	2.188e-10
7.780e+05	1.985e-10
7.787e+05	1.970e-10
7.793e+05	1.538e-10
7.800e+05	2.005e-10
7.807e+05	1.868e-10
7.813e+05	1.129e-10
7.820e+05	2.175e-10
7.827e+05	3.539e-10
7.833e+05	1.453e-10
7.840e+05	1.671e-10
7.847e+05	1.635e-10
7.853e+05	1.579e-10
7.860e+05	1.714e-10
7.867e+05	1.919e-10
7.873e+05	1.542e-10
7.880e+05	2.103e-10
7.887e+05	2.134e-10
7.893e+05	2.111e-10
7.900e+05	1.734e-10
7.907e+05	1.787e-10
7.913e+05	1.177e-10
7.920e+05	1.713e-10
7.927e+05	1.831e-10
7.933e+05	1.658e-10
7.940e+05	2.121e-10
7.947e+05	1.727e-10
7.953e+05	1.333e-10
7.960e+05	1.804e-10
7.967e+05	1.609e-10
7.973e+05	1.491e-10
7.980e+05	2.445e-10
7.987e+05	2.235e-10
7.993e+05	2.494e-10
8.000e+05	2.043e-10
8.007e+05	1.650e-10
8.013e+05	1.432e-10
8.020e+05	1.212e-10
8.027e+05	1.503e-10
8.033e+05	1.394e-10
8.040e+05	1.615e-10
8.047e+05	1.997e-10
8.053e+05	1.775e-10
8.060e+05	2.478e-10
8.067e+05	2.589e-10
8.073e+05	1.559e-10
8.080e+05	1.585e-10
8.087e+05	1.830e-10
8.093e+05	2.094e-10
8.100e+05	2.356e-10
8.107e+05	1.713e-10
8.113e+05	1.276e-10
8.120e+05	1.421e-10
8.127e+05	1.209e-10
8.133e+05	2.024e-10
8.140e+05	2.163e-10
8.147e+05	2.013e-10
8.153e+05	1.730e-10
8.160e+05	2.011e-10
8.167e+05	1.892e-10
8.173e+05	2.368e-10
8.180e+05	2.175e-10
8.187e+05	2.279e-10
8.193e+05	2.295e-10
8.200e+05	1.400e-10
8.207e+05	1.598e-10
8.213e+05	2.476e-10
8.220e+05	2.401e-10
8.227e+05	1.410e-10
8.233e+05	1.002e-10
8.240e+05	1.498e-10
8.247e+05	1.760e-10
8.253e+05	2.168e-10
8.260e+05	2.299e-10
8.267e+05	8.620e-11
8.273e+05	1.359e-10
8.280e+05	1.321e-10
8.287e+05	1.331e-10
8.293e+05	1.373e-10
8.300e+05	2.097e-10
8.307e+05	1.662e-10
8.313e+05	1.341e-10
8.320e+05	1.711e-10
8.327e+05	1.899e-10
8.333e+05	1.137e-10
8.340e+05	1.449e-10
8.347e+05	2.126e-10
8.353e+05	1.751e-10
8.360e+05	1.525e-10
8.367e+05	1.699e-10
8.373e+05	1.355e-10
8.380e+05	1.319e-10
8.387e+05	1.388e-10
8.393e+05	1.505e-10
8.400e+05	1.510e-10
8.407e+05	1.916e-10
8.413e+05	2.025e-10
8.420e+05	1.901e-10
8.427e+05	1.650e-10
8.433e+05	1.676e-10
8.440e+05	1.551e-10
8.447e+05	1.221e-10
8.453e+05	1.475e-10
8.460e+05	1.571e-10
8.467e+05	1.684e-10
8.473e+05	1.929e-10
8.480e+05	1.812e-10
8.487e+05	1.577e-10
8.493e+05	1.681e-10
8.500e+05	1.366e-10
8.507e+05	1.776e-10
8.513e+05	1.070e-10
8.520e+05	9.305e-11
8.527e+05	1.199e-10
8.533e+05	1.963e-10
8.540e+05	1.432e-10
8.547e+05	1.071e-10
8.553e+05	1.420e-10
8.560e+05	1.505e-10
8.567e+05	1.426e-10
8.573e+05	1.357e-10
8.580e+05	1.563e-10
8.587e+05	1.602e-10
8.593e+05	1.193e-10
8.600e+05	1.091e-10
8.607e+05	1.496e-10
8.613e+05	1.299e-10
8.620e+05	1.154e-10
8.627e+05	1.370e-10
8.633e+05	1.401e-10
8.640e+05	1.673e-10
8.647e+05	1.823e-10
8.653e+05	1.414e-10
8.660e+05	9.366e-11
8.667e+05	1.106e-10
8.673e+05	1.527e-10
8.680e+05	1.717e-10
8.687e+05	1.872e-10
8.693e+05	1.871e-10
8.700e+05	1.538e-10
8.707e+05	1.023e-10
8.713e+05	1.234e-10
8.720e+05	1.571e-10
8.727e+05	1.267e-10
8.733e+05	1.304e-10
8.740e+05	1.790e-10
8.747e+05	1.921e-10
8.753e+05	1.711e-10
8.760e+05	1.224e-10
8.767e+05	1.543e-10
8.773e+05	1.796e-10
8.780e+05	1.859e-10
8.787e+05	1.174e-10
8.793e+05	1.488e-10
8.800e+05	1.734e-10
8.807e+05	1.190e-10
8.813e+05	8.515e-11
8.820e+05	1.166e-10
8.827e+05	1.395e-10
8.833e+05	1.777e-10
8.840e+05	1.443e-10
8.847e+05	1.481e-10
8.853e+05	1.673e-10
8.860e+05	1.822e-10
8.867e+05	1.924e-10
8.873e+05	1.344e-10
8.880e+05	1.444e-10
8.887e+05	1.767e-10
8.893e+05	1.507e-10
8.900e+05	1.683e-10
8.907e+05	1.753e-10
8.913e+05	1.532e-10
8.920e+05	1.494e-10
8.927e+05	1.385e-10
8.933e+05	1.710e-10
8.940e+05	1.295e-10
8.947e+05	1.416e-10
8.953e+05	1.614e-10
8.960e+05	1.351e-10
8.967e+05	1.462e-10
8.973e+05	9.275e-11
8.980e+05	1.603e-10
8.987e+05	1.261e-10
8.993e+05	1.359e-10
9.000e+05	1.320e-10
9.007e+05	1.259e-10
9.013e+05	9.106e-11
9.020e+05	9.348e-11
9.027e+05	1.044e-10
9.033e+05	1.129e-10
9.040e+05	1.404e-10
9.047e+05	1.335e-10
9.053e+05	1.393e-10
9.060e+05	1.126e-10
9.067e+05	9.611e-11
9.073e+05	1.110e-10
9.080e+05	1.103e-10
9.087e+05	1.128e-10
9.093e+05	1.487e-10
9.100e+05	1.065e-10
9.107e+05	1.226e-10
9.113e+05	1.362e-10
9.120e+05	1.139e-10
9.127e+05	1.168e-10
9.133e+05	9.098e-11
9.140e+05	9.179e-11
9.147e+05	9.645e-11
9.153e+05	1.039e-10
9.160e+05	1.010e-10
9.167e+05	1.261e-10
9.173e+05	1.448e-10
9.180e+05	8.632e-11
9.187e+05	1.154e-10
9.193e+05	1.097e-10
9.200e+05	1.214e-10
9.207e+05	1.622e-10
9.213e+05	1.538e-10
9.220e+05	1.161e-10
9.227e+05	9.292e-11
9.233e+05	9.027e-11
9.240e+05	8.923e-11
9.247e+05	1.276e-10
9.253e+05	1.038e-10
9.260e+05	1.273e-10
9.267e+05	1.455e-10
9.273e+05	1.035e-10
9.280e+05	8.439e-11
9.287e+05	1.047e-10
9.293e+05	1.104e-10
9.300e+05	1.068e-10
9.307e+05	1.337e-10
9.313e+05	1.182e-10
9.320e+05	9.083e-11
9.327e+05	1.084e-10
9.333e+05	8.378e-11
9.340e+05	6.412e-11
9.347e+05	8.657e-11
9.353e+05	1.245e-10
9.360e+05	1.274e-10
9.367e+05	8.882e-11
9.373e+05	1.114e-10
9.380e+05	1.539e-10
9.387e+05	8.889e-11
9.393e+05	9.833e-11
9.400e+05	1.161e-10
9.407e+05	8.636e-11
9.413e+05	7.870e-11
9.420e+05	8.215e-11
9.427e+05	1.048e-10
9.433e+05	1.655e-10
9.440e+05	1.456e-10
9.447e+05	2.210e-10
9.453e+05	1.690e-10
9.460e+05	1.433e-10
9.467e+05	1.268e-10
9.473e+05	7.158e-11
9.480e+05	9.004e-11
9.487e+05	1.477e-10
9.493e+05	1.003e-10
9.500e+05	8.963e-11
9.507e+05	1.329e-10
9.513e+05	9.316e-11
9.520e+05	8.682e-11
9.527e+05	1.155e-10
9.533e+05	1.221e-10
9.540e+05	1.232e-10
9.547e+05	1.186e-10
9.553e+05	1.254e-10
9.560e+05	1.211e-10
9.567e+05	1.694e-10
9.573e+05	1.148e-10
9.580e+05	1.060e-10
9.587e+05	1.284e-10
9.593e+05	8.577e-11
9.600e+05	7.591e-11
9.607e+05	1.132e-10
9.613e+05	1.073e-10
9.620e+05	9.082e-11
9.627e+05	6.892e-11
9.633e+05	1.032e-10
9.640e+05	1.173e-10
9.647e+05	1.192e-10
9.653e+05	7.959e-11
9.660e+05	8.863e-11
9.667e+05	1.150e-10
9.673e+05	1.110e-10
9.680e+05	1.182e-10
9.687e+05	8.979e-11
9.693e+05	1.243e-10
9.700e+05	1.290e-10
9.707e+05	1.109e-10
9.713e+05	1.127e-10
9.720e+05	1.105e-10
9.727e+05	1.051e-10
9.733e+05	8.127e-11
9.740e+05	8.889e-11
9.747e+05	9.962e-11
9.753e+05	8.861e-11
9.760e+05	9.070e-11
9.767e+05	7.404e-11
9.773e+05	1.161e-10
9.780e+05	1.666e-10
9.787e+05	1.213e-10
9.793e+05	1.010e-10
9.800e+05	1.147e-10
9.807e+05	8.770e-11
9.813e+05	8.504e-11
9.820e+05	1.384e-10
9.827e+05	1.499e-10
9.833e+05	1.456e-10
9.840e+05	1.152e-10
9.847e+05	1.211e-10
9.853e+05	1.029e-10
9.860e+05	9.571e-11
9.867e+05	1.266e-10
9.873e+05	1.189e-10
9.880e+05	1.072e-10
9.887e+05	9.814e-11
9.893e+05	8.995e-11
9.900e+05	7.107e-11
9.907e+05	1.121e-10
9.913e+05	1.219e-10
9.920e+05	1.121e-10
9.927e+05	8.906e-11
9.933e+05	1.078e-10
9.940e+05	1.052e-10
9.947e+05	1.139e-10
9.953e+05	1.317e-10
9.960e+05	9.648e-11
9.967e+05	7.896e-11
9.973e+05	8.611e-11
9.980e+05	6.100e-11
9.987e+05	9.680e-11
9.993e+05	1.081e-10
1.000e+06	9.005e-11
1.001e+06	8.998e-11
1.001e+06	9.346e-11
1.002e+06	7.873e-11
1.003e+06	7.265e-11
1.003e+06	9.122e-11
1.004e+06	1.163e-10
1.005e+06	8.637e-11
1.005e+06	1.133e-10
1.006e+06	1.142e-10
1.007e+06	8.653e-11
1.007e+06	1.151e-10
1.008e+06	1.424e-10
1.009e+06	1.169e-10
1.009e+06	9.192e-11
1.010e+06	6.641e-11
1.011e+06	6.174e-11
1.011e+06	6.231e-11
1.012e+06	5.824e-11
1.013e+06	6.892e-11
1.013e+06	1.019e-10
1.014e+06	1.273e-10
1.015e+06	1.120e-10
1.015e+06	9.336e-11
1.016e+06	1.074e-10
1.017e+06	8.158e-11
1.017e+06	7.181e-11
1.018e+06	7.922e-11
1.019e+06	7.389e-11
1.019e+06	1.055e-10
1.020e+06	8.398e-11
1.021e+06	9.214e-11
1.021e+06	8.968e-11
1.022e+06	5.932e-11
1.023e+06	1.169e-10
1.023e+06	1.445e-10
1.024e+06	1.454e-10
1.025e+06	9.648e-11
1.025e+06	6.912e-11
1.026e+06	6.907e-11
1.027e+06	5.956e-11
1.027e+06	9.143e-11
1.028e+06	1.064e-10
1.029e+06	1.123e-10
1.029e+06	8.404e-11
1.030e+06	5.184e-11
1.031e+06	4.566e-11
1.031e+06	4.646e-11
1.032e+06	9.231e-11
1.033e+06	1.070e-10
1.033e+06	5.819e-11
1.034e+06	5.505e-11
1.035e+06	8.458e-11
1.035e+06	1.416e-10
1.036e+06	8.603e-11
1.037e+06	6.182e-11
1.037e+06	4.522e-11
1.038e+06	5.121e-11
1.039e+06	7.510e-11
1.039e+06	9.245e-11
1.040e+06	8.459e-11
1.041e+06	9.727e-11
1.041e+06	7.302e-11
1.042e+06	6.922e-11
1.043e+06	9.179e-11
1.043e+06	7.680e-11
1.044e+06	8.908e-11
1.045e+06	6.966e-11
1.045e+06	6.598e-11
1.046e+06	1.029e-10
1.047e+06	8.061e-11
1.047e+06	7.754e-11
1.048e+06	6.793e-11
1.049e+06	7.896e-11
1.049e+06	8.127e-11
1.050e+06	1.245e-10
1.051e+06	1.231e-10
1.051e+06	9.152e-11
1.052e+06	9.002e-11
1.053e+06	1.137e-10
1.053e+06	9.840e-11
1.054e+06	9.436e-11
1.055e+06	7.588e-11
1.055e+06	9.643e-11
1.056e+06	1.129e-10
1.057e+06	9.432e-11
1.057e+06	7.303e-11
1.058e+06	8.133e-11
1.059e+06	7.456e-11
1.059e+06	7.828e-11
1.060e+06	7.621e-11
1.061e+06	6.631e-11
1.061e+06	7.787e-11
1.062e+06	6.435e-11
1.063e+06	6.672e-11
1.063e+06	9.316e-11
1.064e+06	9.404e-11
1.065e+06	7.393e-11
1.065e+06	1.016e-10
1.066e+06	8.890e-11
1.067e+06	1.159e-10
1.067e+06	9.523e-11
1.068e+06	7.193e-11
1.069e+06	6.572e-11
1.069e+06	9.516e-11
1.070e+06	8.889e-11
1.071e+06	9.933e-11
1.071e+06	8.804e-11
1.072e+06	9.608e-11
1.073e+06	7.686e-11
1.073e+06	6.062e-11
1.074e+06	6.830e-11
1.075e+06	1.044e-10
1.075e+06	8.736e-11
1.076e+06	8.011e-11
1.077e+06	5.601e-11
1.077e+06	7.709e-11
1.078e+06	5.810e-11
1.079e+06	5.368e-11
1.079e+06	5.054e-11
1.080e+06	4.856e-11
1.081e+06	6.975e-11
1.081e+06	7.295e-11
1.082e+06	7.506e-11
1.083e+06	8.041e-11
1.083e+06	7.410e-11
1.084e+06	6.827e-11
1.085e+06	7.450e-11
1.085e+06	7.058e-11
1.086e+06	8.238e-11
1.087e+06	7.614e-11
1.087e+06	4.908e-11
1.088e+06	7.007e-11
1.089e+06	7.618e-11
1.089e+06	8.750e-11
1.090e+06	6.003e-11
1.091e+06	5.378e-11
1.091e+06	7.537e-11
1.092e+06	5.682e-11
1.093e+06	4.281e-11
1.093e+06	6.542e-11
1.094e+06	7.701e-11
1.095e+06	7.215e-11
1.095e+06	7.848e-11
1.096e+06	5.913e-11
1.097e+06	8.152e-11
1.097e+06	7.605e-11
1.098e+06	7.930e-11
1.099e+06	1.054e-10
1.099e+06	9.092e-11
1.100e+06	5.989e-11
1.101e+06	7.200e-11
1.101e+06	8.596e-11
1.102e+06	8.289e-11
1.103e+06	7.657e-11
1.103e+06	5.836e-11
1.104e+06	3.715e-11
1.105e+06	4.508e-11
1.105e+06	4.996e-11
1.106e+06	6.021e-11
1.107e+06	5.217e-11
1.107e+06	5.831e-11
1.108e+06	1.155e-10
1.109e+06	8.985e-11
1.109e+06	5.836e-11
1.110e+06	6.559e-11
1.111e+06	4.467e-11
1.111e+06	5.607e-11
1.112e+06	7.195e-11
1.113e+06	8.651e-11
1.113e+06	8.784e-11
1.114e+06	9.124e-11
1.115e+06	5.854e-11
1.115e+06	5.089e-11
1.116e+06	7.016e-11
1.117e+06	6.628e-11
1.117e+06	7.254e-11
1.118e+06	6.043e-11
1.119e+06	5.123e-11
1.119e+06	6.434e-11
1.120e+06	5.290e-11
1.121e+06	5.859e-11
1.121e+06	6.104e-11
1.122e+06	6.592e-11
1.123e+06	6.411e-11
1.123e+06	6.989e-11
1.124e+06	5.861e-11
1.125e+06	5.728e-11
1.125e+06	5.278e-11
1.126e+06	7.032e-11
1.127e+06	9.402e-11
1.127e+06	5.016e-11
1.128e+06	6.633e-11
1.129e+06	6.822e-11
1.129e+06	7.086e-11
1.130e+06	9.690e-11
1.131e+06	7.975e-11
1.131e+06	6.830e-11
1.132e+06	8.056e-11
1.133e+06	7.026e-11
1.133e+06	5.307e-11
1.134e+06	6.022e-11
1.135e+06	6.594e-11
1.135e+06	7.587e-11
1.136e+06	6.616e-11
1.137e+06	7.059e-11
1.137e+06	5.697e-11
1.138e+06	5.344e-11
1.139e+06	7.616e-11
1.139e+06	8.970e-11
1.140e+06	7.747e-11
1.141e+06	6.360e-11
1.141e+06	6.113e-11
1.142e+06	4.327e-11
1.143e+06	2.867e-11
1.143e+06	4.034e-11
1.144e+06	3.982e-11
1.145e+06	4.530e-11
1.145e+06	4.911e-11
1.146e+06	6.269e-11
1.147e+06	6.296e-11
1.147e+06	5.271e-11
1.148e+06	7.390e-11
1.149e+06	1.028e-10
1.149e+06	6.269e-11
1.150e+06	7.886e-11
1.151e+06	5.859e-11
1.151e+06	5.554e-11
1.152e+06	7.432e-11
1.153e+06	6.565e-11
1.153e+06	3.875e-11
1.154e+06	5.058e-11
1.155e+06	7.768e-11
1.155e+06	6.104e-11
1.156e+06	5.093e-11
1.157e+06	3.875e-11
1.157e+06	7.246e-11
1.158e+06	8.207e-11
1.159e+06	7.572e-11
1.159e+06	7.437e-11
1.160e+06	7.122e-11
1.161e+06	9.372e-11
1.161e+06	6.344e-11
1.162e+06	5.176e-11
1.163e+06	7.174e-11
1.163e+06	6.600e-11
1.164e+06	7.846e-11
1.165e+06	8.905e-11
1.165e+06	6.118e-11
1.166e+06	7.386e-11
1.167e+06	7.279e-11
1.167e+06	7.472e-11
1.168e+06	5.915e-11
1.169e+06	6.629e-11
1.169e+06	7.247e-11
1.170e+06	8.629e-11
1.171e+06	7.681e-11
1.171e+06	5.703e-11
1.172e+06	5.652e-11
1.173e+06	5.252e-11
1.173e+06	4.238e-11
1.174e+06	3.633e-11
1.175e+06	4.050e-11
1.175e+06	8.104e-11
1.176e+06	8.258e-11
1.177e+06	3.442e-11
1.177e+06	3.647e-11
1.178e+06	4.678e-11
1.179e+06	5.811e-11
1.179e+06	6.449e-11
1.180e+06	5.947e-11
1.181e+06	4.291e-11
1.181e+06	4.556e-11
1.182e+06	6.204e-11
1.183e+06	7.468e-11
1.183e+06	9.528e-11
1.184e+06	6.214e-11
1.185e+06	4.857e-11
1.185e+06	4.953e-11
1.186e+06	4.849e-11
1.187e+06	6.326e-11
1.187e+06	7.345e-11
1.188e+06	6.300e-11
1.189e+06	4.660e-11
1.189e+06	4.673e-11
1.190e+06	5.626e-11
1.191e+06	4.532e-11
1.191e+06	3.466e-11
1.192e+06	3.895e-11
1.193e+06	6.069e-11
1.193e+06	5.234e-11
1.194e+06	5.979e-11
1.195e+06	6.472e-11
1.195e+06	5.556e-11
1.196e+06	7.244e-11
1.197e+06	7.580e-11
1.197e+06	3.721e-11
1.198e+06	4.868e-11
1.199e+06	6.430e-11
1.199e+06	7.893e-11
1.200e+06	5.513e-11
1.201e+06	4.720e-11
1.201e+06	5.000e-11
1.202e+06	6.547e-11
1.203e+06	7.537e-11
1.203e+06	6.133e-11
1.204e+06	6.074e-11
1.205e+06	5.923e-11
1.205e+06	5.851e-11
1.206e+06	5.464e-11
1.207e+06	5.438e-11
1.207e+06	6.131e-11
1.208e+06	6.264e-11
1.209e+06	6.264e-11
1.209e+06	7.911e-11
1.210e+06	6.739e-11
1.211e+06	5.907e-11
1.211e+06	5.760e-11
1.212e+06	4.789e-11
1.213e+06	3.695e-11
1.213e+06	5.685e-11
1.214e+06	3.467e-11
1.215e+06	4.685e-11
1.215e+06	5.175e-11
1.216e+06	4.324e-11
1.217e+06	4.604e-11
1.217e+06	7.296e-11
1.218e+06	5.737e-11
1.219e+06	6.083e-11
1.219e+06	6.452e-11
1.220e+06	7.238e-11
1.221e+06	5.798e-11
1.221e+06	5.271e-11
1.222e+06	5.819e-11
1.223e+06	3.218e-11
1.223e+06	3.388e-11
1.224e+06	5.204e-11
1.225e+06	5.593e-11
1.225e+06	5.862e-11
1.226e+06	4.585e-11
1.227e+06	6.942e-11
1.227e+06	5.244e-11
1.228e+06	5.382e-11
1.229e+06	7.496e-11
1.229e+06	9.391e-11
1.230e+06	6.833e-11
1.231e+06	6.245e-11
1.231e+06	5.474e-11
1.232e+06	5.591e-11
1.233e+06	6.023e-11
1.233e+06	6.165e-11
1.234e+06	5.092e-11
1.235e+06	5.539e-11
1.235e+06	4.478e-11
1.236e+06	5.583e-11
1.237e+06	5.880e-11
1.237e+06	3.663e-11
1.238e+06	3.463e-11
1.239e+06	4.189e-11
1.239e+06	4.391e-11
1.240e+06	4.542e-11
1.241e+06	5.076e-11
1.241e+06	5.313e-11
1.242e+06	6.108e-11
1.243e+06	7.014e-11
1.243e+06	6.877e-11
1.244e+06	6.207e-11
1.245e+06	5.974e-11
1.245e+06	6.811e-11
1.246e+06	5.744e-11
1.247e+06	5.266e-11
1.247e+06	4.321e-11
1.248e+06	5.104e-11
1.249e+06	5.865e-11
1.249e+06	4.834e-11
1.250e+06	6.227e-11
1.251e+06	7.100e-11
1.251e+06	6.058e-11
1.252e+06	6.413e-11
1.253e+06	5.040e-11
1.253e+06	7.454e-11
1.254e+06	6.269e-11
1.255e+06	3.902e-11
1.255e+06	3.424e-11
1.256e+06	3.918e-11
1.257e+06	5.033e-11
1.257e+06	4.286e-11
1.258e+06	7.805e-11
1.259e+06	7.480e-11
1.259e+06	4.023e-11
1.260e+06	5.378e-11
1.261e+06	4.653e-11
1.261e+06	4.757e-11
1.262e+06	3.227e-11
1.263e+06	4.048e-11
1.263e+06	5.738e-11
1.264e+06	3.220e-11
1.265e+06	4.992e-11
1.265e+06	6.236e-11
1.266e+06	5.788e-11
1.267e+06	5.324e-11
1.267e+06	4.406e-11
1.268e+06	5.247e-11
1.269e+06	5.191e-11
1.269e+06	5.227e-11
1.270e+06	4.148e-11
1.271e+06	4.008e-11
1.271e+06	5.077e-11
1.272e+06	4.985e-11
1.273e+06	4.942e-11
1.273e+06	5.832e-11
1.274e+06	5.072e-11
1.275e+06	5.078e-11
1.275e+06	6.026e-11
1.276e+06	7.051e-11
1.277e+06	4.496e-11
1.277e+06	5.111e-11
1.278e+06	7.095e-11
1.279e+06	4.919e-11
1.279e+06	3.696e-11
1.280e+06	4.215e-11
1.281e+06	3.774e-11
1.281e+06	4.641e-11
1.282e+06	4.251e-11
1.283e+06	3.826e-11
1.283e+06	4.105e-11
1.284e+06	5.682e-11
1.285e+06	6.887e-11
1.285e+06	5.224e-11
1.286e+06	3.480e-11
1.287e+06	5.779e-11
1.287e+06	4.224e-11
1.288e+06	6.185e-11
1.289e+06	6.161e-11
1.289e+06	3.970e-11
1.290e+06	6.298e-11
1.291e+06	5.909e-11
1.291e+06	5.352e-11
1.292e+06	5.593e-11
1.293e+06	5.304e-11
1.293e+06	3.869e-11
1.294e+06	4.758e-11
1.295e+06	6.309e-11
1.295e+06	4.589e-11
1.296e+06	4.378e-11
1.297e+06	3.499e-11
1.297e+06	4.530e-11
1.298e+06	5.283e-11
1.299e+06	6.512e-11
1.299e+06	8.230e-11
1.300e+06	5.874e-11
1.301e+06	4.813e-11
1.301e+06	5.382e-11
1.302e+06	4.745e-11
1.303e+06	4.275e-11
1.303e+06	5.385e-11
1.304e+06	5.986e-11
1.305e+06	3.298e-11
1.305e+06	3.944e-11
1.306e+06	5.020e-11
1.307e+06	4.978e-11
1.307e+06	5.386e-11
1.308e+06	5.020e-11
1.309e+06	5.075e-11
1.309e+06	4.014e-11
1.310e+06	3.855e-11
1.311e+06	4.552e-11
1.311e+06	7.344e-11
1.312e+06	4.547e-11
1.313e+06	3.661e-11
1.313e+06	5.698e-11
1.314e+06	6.286e-11
1.315e+06	4.046e-11
1.315e+06	4.246e-11
1.316e+06	3.887e-11
1.317e+06	4.390e-11
1.317e+06	4.550e-11
1.318e+06	4.231e-11
1.319e+06	4.022e-11
1.319e+06	3.547e-11
1.320e+06	3.698e-11
1.321e+06	4.767e-11
1.321e+06	4.288e-11
1.322e+06	4.411e-11
1.323e+06	5.613e-11
1.323e+06	5.694e-11
1.324e+06	4.299e-11
1.325e+06	4.538e-11
1.325e+06	3.587e-11
1.326e+06	3.975e-11
1.327e+06	3.217e-11
1.327e+06	2.684e-11
1.328e+06	4.273e-11
1.329e+06	4.787e-11
1.329e+06	4.839e-11
1.330e+06	4.789e-11
1.331e+06	6.250e-11
1.331e+06	5.676e-11
1.332e+06	6.497e-11
1.333e+06	6.008e-11
1.333e+06	4.084e-11
1.334e+06	3.379e-11
1.335e+06	4.460e-11
1.335e+06	4.928e-11
1.336e+06	4.491e-11
1.337e+06	4.101e-11
1.337e+06	4.352e-11
1.338e+06	4.199e-11
1.339e+06	6.290e-11
1.339e+06	6.394e-11
1.340e+06	3.443e-11
1.341e+06	4.553e-11
1.341e+06	4.661e-11
1.342e+06	4.492e-11
1.343e+06	6.103e-11
1.343e+06	6.010e-11
1.344e+06	6.746e-11
1.345e+06	6.748e-11
1.345e+06	4.678e-11
1.346e+06	3.997e-11
1.347e+06	4.695e-11
1.347e+06	3.747e-11
1.348e+06	3.928e-11
1.349e+06	5.537e-11
1.349e+06	5.669e-11
1.350e+06	6.528e-11
1.351e+06	5.804e-11
1.351e+06	4.130e-11
1.352e+06	2.861e-11
1.353e+06	3.964e-11
1.353e+06	4.026e-11
1.354e+06	3.174e-11
1.355e+06	3.433e-11
1.355e+06	3.437e-11
1.356e+06	3.339e-11
1.357e+06	5.369e-11
1.357e+06	5.005e-11
1.358e+06	4.160e-11
1.359e+06	4.267e-11
1.359e+06	4.551e-11
1.360e+06	2.788e-11
1.361e+06	2.841e-11
1.361e+06	4.600e-11
1.362e+06	4.696e-11
1.363e+06	3.764e-11
1.363e+06	3.483e-11
1.364e+06	4.494e-11
1.365e+06	4.984e-11
1.365e+06	4.011e-11
1.366e+06	2.978e-11
1.367e+06	3.531e-11
1.367e+06	3.103e-11
1.368e+06	4.354e-11
1.369e+06	3.597e-11
1.369e+06	2.198e-11
1.370e+06	4.625e-11
1.371e+06	5.827e-11
1.371e+06	3.901e-11
1.372e+06	4.021e-11
1.373e+06	3.818e-11
1.373e+06	2.754e-11
1.374e+06	3.113e-11
1.375e+06	2.882e-11
1.375e+06	2.810e-11
1.376e+06	3.496e-11
1.377e+06	4.719e-11
1.377e+06	3.567e-11
1.378e+06	2.626e-11
1.379e+06	2.335e-11
1.379e+06	3.411e-11
1.380e+06	3.868e-11
1.381e+06	3.600e-11
1.381e+06	6.460e-11
1.382e+06	6.269e-11
1.383e+06	4.065e-11
1.383e+06	3.227e-11
1.384e+06	3.639e-11
1.385e+06	3.319e-11
1.385e+06	3.290e-11
1.386e+06	2.812e-11
1.387e+06	2.035e-11
1.387e+06	2.187e-11
1.388e+06	4.200e-11
1.389e+06	5.464e-11
1.389e+06	4.193e-11
1.390e+06	4.291e-11
1.391e+06	5.096e-11
1.391e+06	6.444e-11
1.392e+06	3.941e-11
1.393e+06	2.552e-11
1.393e+06	3.754e-11
1.394e+06	4.427e-11
1.395e+06	3.216e-11
1.395e+06	4.658e-11
1.396e+06	3.514e-11
1.397e+06	3.255e-11
1.397e+06	4.079e-11
1.398e+06	3.059e-11
1.399e+06	5.089e-11
1.399e+06	4.069e-11
1.400e+06	2.599e-11
1.401e+06	3.377e-11
1.401e+06	5.073e-11
1.402e+06	4.459e-11
1.403e+06	4.844e-11
1.403e+06	6.087e-11
1.404e+06	4.157e-11
1.405e+06	3.685e-11
1.405e+06	3.571e-11
1.406e+06	4.190e-11
1.407e+06	5.632e-11
1.407e+06	4.116e-11
1.408e+06	3.072e-11
1.409e+06	4.227e-11
1.409e+06	3.902e-11
1.410e+06	2.936e-11
1.411e+06	3.475e-11
1.411e+06	2.357e-11
1.412e+06	3.643e-11
1.413e+06	4.929e-11
1.413e+06	3.660e-11
1.414e+06	2.573e-11
1.415e+06	2.253e-11
1.415e+06	2.382e-11
1.416e+06	2.786e-11
1.417e+06	2.961e-11
1.417e+06	3.966e-11
1.418e+06	3.377e-11
1.419e+06	3.822e-11
1.419e+06	4.816e-11
1.420e+06	5.323e-11
1.421e+06	4.498e-11
1.421e+06	3.530e-11
1.422e+06	3.334e-11
1.423e+06	3.735e-11
1.423e+06	3.454e-11
1.424e+06	2.738e-11
1.425e+06	2.094e-11
1.425e+06	1.737e-11
1.426e+06	2.692e-11
1.427e+06	3.803e-11
1.427e+06	2.894e-11
1.428e+06	3.738e-11
1.429e+06	3.403e-11
1.429e+06	3.196e-11
1.430e+06	3.955e-11
1.431e+06	3.035e-11
1.431e+06	2.987e-11
1.432e+06	4.050e-11
1.433e+06	3.051e-11
1.433e+06	2.743e-11
1.434e+06	3.228e-11
1.435e+06	3.982e-11
1.435e+06	3.919e-11
1.436e+06	4.400e-11
1.437e+06	3.344e-11
1.437e+06	3.052e-11
1.438e+06	4.298e-11
1.439e+06	3.379e-11
1.439e+06	2.588e-11
1.440e+06	1.935e-11
1.441e+06	3.157e-11
1.441e+06	4.752e-11
1.442e+06	4.157e-11
1.443e+06	3.991e-11
1.443e+06	3.178e-11
1.444e+06	2.157e-11
1.445e+06	2.323e-11
1.445e+06	3.044e-11
1.446e+06	3.445e-11
1.447e+06	3.686e-11
1.447e+06	2.959e-11
1.448e+06	2.758e-11
1.449e+06	3.584e-11
1.449e+06	3.241e-11
1.450e+06	2.897e-11
1.451e+06	3.223e-11
1.451e+06	3.415e-11
1.452e+06	2.817e-11
1.453e+06	2.027e-11
1.453e+06	3.858e-11
1.454e+06	3.932e-11
1.455e+06	3.292e-11
1.455e+06	3.723e-11
1.456e+06	2.748e-11
1.457e+06	2.202e-11
1.457e+06	3.414e-11
1.458e+06	3.630e-11
1.459e+06	3.467e-11
1.459e+06	2.664e-11
1.460e+06	3.359e-11
1.461e+06	2.903e-11
1.461e+06	2.456e-11
1.462e+06	2.989e-11
1.463e+06	3.836e-11
1.463e+06	2.957e-11
1.464e+06	2.554e-11
1.465e+06	2.783e-11
1.465e+06	3.235e-11
1.466e+06	3.729e-11
1.467e+06	4.047e-11
1.467e+06	3.276e-11
1.468e+06	2.905e-11
1.469e+06	2.677e-11
1.469e+06	2.201e-11
1.470e+06	3.594e-11
1.471e+06	3.588e-11
1.471e+06	3.143e-11
1.472e+06	3.623e-11
1.473e+06	2.814e-11
1.473e+06	2.513e-11
1.474e+06	2.705e-11
1.475e+06	2.439e-11
1.475e+06	2.477e-11
1.476e+06	2.415e-11
1.477e+06	3.222e-11
1.477e+06	2.279e-11
1.478e+06	3.086e-11
1.479e+06	3.667e-11
1.479e+06	4.747e-11
1.480e+06	2.665e-11
1.481e+06	3.721e-11
1.481e+06	3.990e-11
1.482e+06	1.953e-11
1.483e+06	3.208e-11
1.483e+06	3.426e-11
1.484e+06	4.896e-11
1.485e+06	2.627e-11
1.485e+06	2.871e-11
1.486e+06	3.733e-11
1.487e+06	2.756e-11
1.487e+06	2.091e-11
1.488e+06	2.008e-11
1.489e+06	2.508e-11
1.489e+06	2.799e-11
1.490e+06	3.584e-11
1.491e+06	4.173e-11
1.491e+06	3.396e-11
1.492e+06	2.238e-11
1.493e+06	3.537e-11
1.493e+06	3.075e-11
1.494e+06	1.934e-11
1.495e+06	2.077e-11
1.495e+06	2.257e-11
1.496e+06	3.847e-11
1.497e+06	3.142e-11
1.497e+06	3.130e-11
1.498e+06	2.891e-11
1.499e+06	2.823e-11
1.499e+06	2.668e-11
1.500e+06	3.117e-11
1.501e+06	3.809e-11
1.501e+06	3.771e-11
1.502e+06	3.256e-11
1.503e+06	2.294e-11
1.503e+06	3.173e-11
1.504e+06	3.129e-11
1.505e+06	3.081e-11
1.505e+06	2.242e-11
1.506e+06	2.847e-11
1.507e+06	2.283e-11
1.507e+06	2.201e-11
1.508e+06	2.097e-11
1.509e+06	2.106e-11
1.509e+06	2.048e-11
1.510e+06	3.355e-11
1.511e+06	5.344e-11
1.511e+06	4.060e-11
1.512e+06	3.681e-11
1.513e+06	4.266e-11
1.513e+06	3.876e-11
1.514e+06	3.794e-11
1.515e+06	2.691e-11
1.515e+06	2.542e-11
1.516e+06	3.067e-11
1.517e+06	2.365e-11
1.517e+06	2.457e-11
1.518e+06	2.511e-11
1.519e+06	3.286e-11
1.519e+06	2.734e-11
1.520e+06	2.532e-11
1.521e+06	2.460e-11
1.521e+06	3.496e-11
1.522e+06	2.288e-11
1.523e+06	2.789e-11
1.523e+06	3.734e-11
1.524e+06	3.949e-11
1.525e+06	2.926e-11
1.525e+06	2.560e-11
1.526e+06	2.274e-11
1.527e+06	2.825e-11
1.527e+06	3.598e-11
1.528e+06	3.258e-11
1.529e+06	2.894e-11
1.529e+06	3.493e-11
1.530e+06	2.952e-11
1.531e+06	2.376e-11
1.531e+06	2.439e-11
1.532e+06	3.378e-11
1.533e+06	2.857e-11
1.533e+06	2.128e-11
1.534e+06	2.289e-11
1.535e+06	2.329e-11
1.535e+06	2.489e-11
1.536e+06	3.573e-11
1.537e+06	2.517e-11
1.537e+06	2.445e-11
1.538e+06	2.299e-11
1.539e+06	2.212e-11
1.539e+06	3.861e-11
1.540e+06	4.525e-11
1.541e+06	2.276e-11
1.541e+06	1.996e-11
1.542e+06	1.929e-11
1.543e+06	2.414e-11
1.543e+06	2.715e-11
1.544e+06	2.403e-11
1.545e+06	2.474e-11
1.545e+06	2.905e-11
1.546e+06	2.971e-11
1.547e+06	2.864e-11
1.547e+06	3.433e-11
1.548e+06	3.123e-11
1.549e+06	1.773e-11
1.549e+06	2.089e-11
1.550e+06	3.959e-11
1.551e+06	3.343e-11
1.551e+06	3.623e-11
1.552e+06	3.550e-11
1.553e+06	2.142e-11
1.553e+06	1.556e-11
1.554e+06	2.896e-11
1.555e+06	3.088e-11
1.555e+06	1.853e-11
1.556e+06	2.800e-11
1.557e+06	2.883e-11
1.557e+06	2.146e-11
1.558e+06	2.450e-11
1.559e+06	2.676e-11
1.559e+06	2.386e-11
1.560e+06	1.775e-11
1.561e+06	1.602e-11
1.561e+06	1.653e-11
1.562e+06	1.862e-11
1.563e+06	2.102e-11
1.563e+06	1.906e-11
1.564e+06	2.075e-11
1.565e+06	2.216e-11
1.565e+06	2.386e-11
1.566e+06	2.108e-11
1.567e+06	1.597e-11
1.567e+06	2.225e-11
1.568e+06	2.684e-11
1.569e+06	2.491e-11
1.569e+06	3.230e-11
1.570e+06	3.365e-11
1.571e+06	2.908e-11
1.571e+06	3.144e-11
1.572e+06	2.346e-11
1.573e+06	2.201e-11
1.573e+06	2.089e-11
1.574e+06	2.048e-11
1.575e+06	1.738e-11
1.575e+06	2.165e-11
1.576e+06	2.303e-11
1.577e+06	2.855e-11
1.577e+06	3.622e-11
1.578e+06	2.911e-11
1.579e+06	3.118e-11
1.579e+06	3.348e-11
1.580e+06	2.711e-11
1.581e+06	2.181e-11
1.581e+06	2.365e-11
1.582e+06	3.014e-11
1.583e+06	2.375e-11
1.583e+06	2.698e-11
1.584e+06	3.254e-11
1.585e+06	3.348e-11
1.585e+06	3.425e-11
1.586e+06	2.593e-11
1.587e+06	2.001e-11
1.587e+06	2.205e-11
1.588e+06	4.487e-11
1.589e+06	3.772e-11
1.589e+06	2.562e-11
1.590e+06	3.167e-11
1.591e+06	2.680e-11
1.591e+06	2.814e-11
1.592e+06	3.736e-11
1.593e+06	2.910e-11
1.593e+06	2.545e-11
1.594e+06	3.178e-11
1.595e+06	2.584e-11
1.595e+06	2.221e-11
1.596e+06	3.082e-11
1.597e+06	3.114e-11
1.597e+06	3.545e-11
1.598e+06	3.024e-11
1.599e+06	2.623e-11
1.599e+06	1.916e-11
1.600e+06	2.650e-11
1.601e+06	2.253e-11
1.601e+06	2.246e-11
1.602e+06	2.520e-11
1.603e+06	2.141e-11
1.603e+06	1.826e-11
1.604e+06	1.764e-11
1.605e+06	2.257e-11
1.605e+06	2.027e-11
1.606e+06	2.437e-11
1.607e+06	2.894e-11
1.607e+06	2.736e-11
1.608e+06	2.981e-11
1.609e+06	4.278e-11
1.609e+06	3.897e-11
1.610e+06	2.186e-11
1.611e+06	1.673e-11
1.611e+06	1.975e-11
1.612e+06	2.980e-11
1.613e+06	2.196e-11
1.613e+06	1.705e-11
1.614e+06	2.384e-11
1.615e+06	3.821e-11
1.615e+06	3.231e-11
1.616e+06	2.194e-11
1.617e+06	2.915e-11
1.617e+06	3.504e-11
1.618e+06	2.585e-11
1.619e+06	2.346e-11
1.619e+06	2.306e-11
1.620e+06	1.911e-11
1.621e+06	1.782e-11
1.621e+06	1.268e-11
1.622e+06	2.190e-11
1.623e+06	2.073e-11
1.623e+06	2.097e-11
1.624e+06	2.171e-11
1.625e+06	2.462e-11
1.625e+06	3.028e-11
1.626e+06	3.577e-11
1.627e+06	2.431e-11
1.627e+06	2.329e-11
1.628e+06	2.593e-11
1.629e+06	3.047e-11
1.629e+06	2.308e-11
1.630e+06	2.138e-11
1.631e+06	2.603e-11
1.631e+06	2.015e-11
1.632e+06	2.018e-11
1.633e+06	2.051e-11
1.633e+06	2.330e-11
1.634e+06	3.036e-11
1.635e+06	2.620e-11
1.635e+06	2.492e-11
1.636e+06	3.122e-11
1.637e+06	2.881e-11
1.637e+06	2.981e-11
1.638e+06	1.590e-11
1.639e+06	2.388e-11
1.639e+06	3.030e-11
1.640e+06	2.632e-11
1.641e+06	1.779e-11
1.641e+06	2.085e-11
1.642e+06	2.432e-11
1.643e+06	1.735e-11
1.643e+06	1.693e-11
1.644e+06	2.739e-11
1.645e+06	2.448e-11
1.645e+06	2.365e-11
1.646e+06	1.857e-11
1.647e+06	1.580e-11
1.647e+06	2.062e-11
1.648e+06	1.987e-11
1.649e+06	1.843e-11
1.649e+06	2.157e-11
1.650e+06	2.203e-11
1.651e+06	2.396e-11
1.651e+06	1.909e-11
1.652e+06	1.722e-11
1.653e+06	1.420e-11
1.653e+06	2.236e-11
1.654e+06	3.515e-11
1.655e+06	2.854e-11
1.655e+06	2.044e-11
1.656e+06	2.025e-11
1.657e+06	2.124e-11
1.657e+06	2.629e-11
1.658e+06	2.085e-11
1.659e+06	1.525e-11
1.659e+06	2.127e-11
1.660e+06	1.763e-11
1.661e+06	2.489e-11
1.661e+06	2.950e-11
1.662e+06	2.530e-11
1.663e+06	2.691e-11
1.663e+06	2.506e-11
1.664e+06	2.806e-11
1.665e+06	3.150e-11
1.665e+06	3.087e-11
1.666e+06	2.364e-11
1.667e+06	2.181e-11
1.667e+06	2.731e-11
1.668e+06	2.376e-11
1.669e+06	2.341e-11
1.669e+06	2.004e-11
1.670e+06	1.681e-11
1.671e+06	1.880e-11
1.671e+06	2.498e-11
1.672e+06	2.541e-11
1.673e+06	2.166e-11
1.673e+06	1.920e-11
1.674e+06	2.019e-11
1.675e+06	2.093e-11
1.675e+06	2.431e-11
1.676e+06	2.204e-11
1.677e+06	2.444e-11
1.677e+06	2.597e-11
1.678e+06	2.533e-11
1.679e+06	2.824e-11
1.679e+06	2.158e-11
1.680e+06	1.551e-11
1.681e+06	1.612e-11
1.681e+06	1.887e-11
1.682e+06	1.736e-11
1.683e+06	2.089e-11
1.683e+06	2.271e-11
1.684e+06	2.080e-11
1.685e+06	2.258e-11
1.685e+06	2.459e-11
1.686e+06	2.692e-11
1.687e+06	1.956e-11
1.687e+06	2.839e-11
1.688e+06	3.128e-11
1.689e+06	2.568e-11
1.689e+06	1.997e-11
1.690e+06	3.287e-11
1.691e+06	3.305e-11
1.691e+06	2.538e-11
1.692e+06	2.884e-11
1.693e+06	2.760e-11
1.693e+06	2.824e-11
1.694e+06	2.314e-11
1.695e+06	1.404e-11
1.695e+06	1.846e-11
1.696e+06	2.505e-11
1.697e+06	1.923e-11
1.697e+06	2.473e-11
1.698e+06	2.686e-11
1.699e+06	3.706e-11
1.699e+06	3.966e-11
1.700e+06	3.206e-11
1.701e+06	2.415e-11
1.701e+06	1.888e-11
1.702e+06	2.109e-11
1.703e+06	2.132e-11
1.703e+06	1.396e-11
1.704e+06	2.105e-11
1.705e+06	2.096e-11
1.705e+06	1.683e-11
1.706e+06	2.215e-11
1.707e+06	2.452e-11
1.707e+06	2.577e-11
1.708e+06	2.191e-11
1.709e+06	1.391e-11
1.709e+06	1.751e-11
1.710e+06	1.641e-11
1.711e+06	3.134e-11
1.711e+06	2.454e-11
1.712e+06	2.802e-11
1.713e+06	1.888e-11
1.713e+06	1.816e-11
1.714e+06	3.014e-11
1.715e+06	2.773e-11
1.715e+06	1.701e-11
1.716e+06	2.405e-11
1.717e+06	3.371e-11
1.717e+06	3.069e-11
1.718e+06	3.813e-11
1.719e+06	2.977e-11
1.719e+06	2.700e-11
1.720e+06	2.098e-11
1.721e+06	2.429e-11
1.721e+06	2.016e-11
1.722e+06	2.452e-11
1.723e+06	2.658e-11
1.723e+06	2.280e-11
1.724e+06	3.150e-11
1.725e+06	2.503e-11
1.725e+06	1.823e-11
1.726e+06	2.444e-11
1.727e+06	3.235e-11
1.727e+06	3.344e-11
1.728e+06	2.829e-11
1.729e+06	2.257e-11
1.729e+06	1.704e-11
1.730e+06	2.046e-11
1.731e+06	2.860e-11
1.731e+06	2.847e-11
1.732e+06	2.393e-11
1.733e+06	2.762e-11
1.733e+06	2.501e-11
1.734e+06	2.116e-11
1.735e+06	1.944e-11
1.735e+06	2.010e-11
1.736e+06	2.646e-11
1.737e+06	2.621e-11
1.737e+06	2.558e-11
1.738e+06	2.126e-11
1.739e+06	2.237e-11
1.739e+06	2.393e-11
1.740e+06	2.141e-11
1.741e+06	2.648e-11
1.741e+06	2.957e-11
1.742e+06	2.444e-11
1.743e+06	2.040e-11
1.743e+06	1.565e-11
1.744e+06	2.182e-11
1.745e+06	2.068e-11
1.745e+06	1.648e-11
1.746e+06	1.757e-11
1.747e+06	2.326e-11
1.747e+06	2.531e-11
1.748e+06	1.500e-11
1.749e+06	1.568e-11
1.749e+06	1.894e-11
1.750e+06	1.778e-11
1.751e+06	2.230e-11
1.751e+06	2.652e-11
1.752e+06	2.776e-11
1.753e+06	2.713e-11
1.753e+06	1.986e-11
1.754e+06	1.664e-11
1.755e+06	2.287e-11
1.755e+06	2.798e-11
1.756e+06	2.571e-11
1.757e+06	2.900e-11
1.757e+06	2.230e-11
1.758e+06	1.666e-11
1.759e+06	2.187e-11
1.759e+06	1.904e-11
1.760e+06	1.875e-11
1.761e+06	1.513e-11
1.761e+06	1.967e-11
1.762e+06	1.999e-11
1.763e+06	2.155e-11
1.763e+06	2.137e-11
1.764e+06	1.724e-11
1.765e+06	1.848e-11
1.765e+06	2.270e-11
1.766e+06	2.758e-11
1.767e+06	3.358e-11
1.767e+06	3.356e-11
1.768e+06	2.508e-11
1.769e+06	2.545e-11
1.769e+06	2.511e-11
1.770e+06	2.542e-11
1.771e+06	2.070e-11
1.771e+06	2.076e-11
1.772e+06	1.738e-11
1.773e+06	1.407e-11
1.773e+06	1.770e-11
1.774e+06	1.457e-11
1.775e+06	2.178e-11
1.775e+06	2.663e-11
1.776e+06	3.103e-11
1.777e+06	2.374e-11
1.777e+06	2.999e-11
1.778e+06	2.740e-11
1.779e+06	2.668e-11
1.779e+06	2.092e-11
1.780e+06	2.050e-11
1.781e+06	1.626e-11
1.781e+06	1.421e-11
1.782e+06	2.519e-11
1.783e+06	3.160e-11
1.783e+06	2.164e-11
1.784e+06	1.146e-11
1.785e+06	1.571e-11
1.785e+06	1.330e-11
1.786e+06	1.895e-11
1.787e+06	2.582e-11
1.787e+06	2.419e-11
1.788e+06	2.349e-11
1.789e+06	2.144e-11
1.789e+06	1.776e-11
1.790e+06	2.433e-11
1.791e+06	2.415e-11
1.791e+06	1.868e-11
1.792e+06	2.443e-11
1.793e+06	2.208e-11
1.793e+06	2.041e-11
1.794e+06	2.337e-11
1.795e+06	2.280e-11
1.795e+06	2.498e-11
1.796e+06	1.738e-11
1.797e+06	2.108e-11
1.797e+06	2.035e-11
1.798e+06	2.467e-11
1.799e+06	1.894e-11
1.799e+06	1.823e-11
1.800e+06	1.366e-11
1.801e+06	2.182e-11
1.801e+06	3.235e-11
1.802e+06	2.199e-11
1.803e+06	2.701e-11
1.803e+06	1.916e-11
1.804e+06	2.198e-11
1.805e+06	3.416e-11
1.805e+06	3.178e-11
1.806e+06	2.453e-11
1.807e+06	2.064e-11
1.807e+06	2.572e-11
1.808e+06	2.581e-11
1.809e+06	2.316e-11
1.809e+06	2.076e-11
1.810e+06	2.054e-11
1.811e+06	3.047e-11
1.811e+06	2.718e-11
1.812e+06	2.085e-11
1.813e+06	1.765e-11
1.813e+06	1.855e-11
1.814e+06	2.177e-11
1.815e+06	1.866e-11
1.815e+06	2.142e-11
1.816e+06	2.779e-11
1.817e+06	3.243e-11
1.817e+06	2.212e-11
1.818e+06	2.489e-11
1.819e+06	2.422e-11
1.819e+06	2.014e-11
1.820e+06	1.404e-11
1.821e+06	1.049e-11
1.821e+06	1.227e-11
1.822e+06	1.908e-11
1.823e+06	1.538e-11
1.823e+06	1.483e-11
1.824e+06	2.075e-11
1.825e+06	2.599e-11
1.825e+06	1.771e-11
1.826e+06	1.714e-11
1.827e+06	2.198e-11
1.827e+06	2.305e-11
1.828e+06	2.396e-11
1.829e+06	2.945e-11
1.829e+06	2.178e-11
1.830e+06	1.614e-11
1.831e+06	1.597e-11
1.831e+06	1.555e-11
1.832e+06	1.546e-11
1.833e+06	1.723e-11
1.833e+06	1.892e-11
1.834e+06	1.511e-11
1.835e+06	1.363e-11
1.835e+06	2.305e-11
1.836e+06	2.264e-11
1.837e+06	2.272e-11
1.837e+06	2.465e-11
1.838e+06	2.085e-11
1.839e+06	1.093e-11
1.839e+06	1.222e-11
1.840e+06	1.574e-11
1.841e+06	2.062e-11
1.841e+06	2.147e-11
1.842e+06	2.004e-11
1.843e+06	1.704e-11
1.843e+06	1.538e-11
1.844e+06	2.198e-11
1.845e+06	2.768e-11
1.845e+06	1.959e-11
1.846e+06	1.524e-11
1.847e+06	2.016e-11
1.847e+06	1.682e-11
1.848e+06	2.372e-11
1.849e+06	2.011e-11
1.849e+06	1.924e-11
1.850e+06	2.661e-11
1.851e+06	2.102e-11
1.851e+06	1.409e-11
1.852e+06	1.583e-11
1.853e+06	1.883e-11
1.853e+06	1.424e-11
1.854e+06	1.509e-11
1.855e+06	1.198e-11
1.855e+06	1.405e-11
1.856e+06	1.438e-11
1.857e+06	1.267e-11
1.857e+06	1.552e-11
1.858e+06	1.381e-11
1.859e+06	1.441e-11
1.859e+06	1.811e-11
1.860e+06	2.876e-11
1.861e+06	2.563e-11
1.861e+06	1.606e-11
1.862e+06	1.401e-11
1.863e+06	1.327e-11
1.863e+06	1.905e-11
1.864e+06	2.660e-11
1.865e+06	1.797e-11
1.865e+06	1.340e-11
1.866e+06	1.206e-11
1.867e+06	1.814e-11
1.867e+06	1.536e-11
1.868e+06	1.527e-11
1.869e+06	1.514e-11
1.869e+06	1.855e-11
1.870e+06	1.565e-11
1.871e+06	2.467e-11
1.871e+06	2.283e-11
1.872e+06	1.705e-11
1.873e+06	1.978e-11
1.873e+06	2.126e-11
1.874e+06	1.892e-11
1.875e+06	2.260e-11
1.875e+06	2.179e-11
1.876e+06	1.601e-11
1.877e+06	1.345e-11
1.877e+06	1.323e-11
1.878e+06	1.666e-11
1.879e+06	2.286e-11
1.879e+06	2.079e-11
1.880e+06	2.411e-11
1.881e+06	1.809e-11
1.881e+06	2.004e-11
1.882e+06	2.788e-11
1.883e+06	2.657e-11
1.883e+06	2.181e-11
1.884e+06	1.561e-11
1.885e+06	1.337e-11
1.885e+06	1.304e-11
1.886e+06	1.274e-11
1.887e+06	1.442e-11
1.887e+06	1.984e-11
1.888e+06	1.620e-11
1.889e+06	1.471e-11
1.889e+06	1.840e-11
1.890e+06	1.276e-11
1.891e+06	1.275e-11
1.891e+06	2.016e-11
1.892e+06	2.502e-11
1.893e+06	1.945e-11
1.893e+06	1.596e-11
1.894e+06	1.756e-11
1.895e+06	1.566e-11
1.895e+06	1.617e-11
1.896e+06	2.194e-11
1.897e+06	1.386e-11
1.897e+06	1.507e-11
1.898e+06	1.635e-11
1.899e+06	1.329e-11
1.899e+06	1.465e-11
1.900e+06	1.950e-11
1.901e+06	1.608e-11
1.901e+06	1.379e-11
1.902e+06	1.294e-11
1.903e+06	1.740e-11
1.903e+06	2.009e-11
1.904e+06	1.999e-11
1.905e+06	2.155e-11
1.905e+06	1.927e-11
1.906e+06	1.792e-11
1.907e+06	1.833e-11
1.907e+06	1.552e-11
1.908e+06	1.523e-11
1.909e+06	1.154e-11
1.909e+06	1.696e-11
1.910e+06	1.672e-11
1.911e+06	1.822e-11
1.911e+06	1.775e-11
1.912e+06	1.261e-11
1.913e+06	1.571e-11
1.913e+06	2.272e-11
1.914e+06	1.870e-11
1.915e+06	2.222e-11
1.915e+06	1.603e-11
1.916e+06	1.466e-11
1.917e+06	1.580e-11
1.917e+06	2.001e-11
1.918e+06	1.798e-11
1.919e+06	1.850e-11
1.919e+06	2.277e-11
1.920e+06	2.198e-11
1.921e+06	1.519e-11
1.921e+06	1.665e-11
1.922e+06	1.625e-11
1.923e+06	1.371e-11
1.923e+06	2.196e-11
1.924e+06	1.089e-11
1.925e+06	1.107e-11
1.925e+06	1.920e-11
1.926e+06	1.886e-11
1.927e+06	1.815e-11
1.927e+06	2.029e-11
1.928e+06	1.675e-11
1.929e+06	1.296e-11
1.929e+06	1.047e-11
1.930e+06	1.568e-11
1.931e+06	2.226e-11
1.931e+06	1.859e-11
1.932e+06	2.102e-11
1.933e+06	1.799e-11
1.933e+06	1.742e-11
1.934e+06	1.581e-11
1.935e+06	1.838e-11
1.935e+06	1.914e-11
1.936e+06	2.434e-11
1.937e+06	1.808e-11
1.937e+06	1.500e-11
1.938e+06	1.793e-11
1.939e+06	1.718e-11
1.939e+06	1.789e-11
1.940e+06	1.534e-11
1.941e+06	1.167e-11
1.941e+06	1.459e-11
1.942e+06	1.391e-11
1.943e+06	1.397e-11
1.943e+06	2.495e-11
1.944e+06	2.283e-11
1.945e+06	2.143e-11
1.945e+06	1.741e-11
1.946e+06	1.239e-11
1.947e+06	1.819e-11
1.947e+06	1.745e-11
1.948e+06	1.685e-11
1.949e+06	1.966e-11
1.949e+06	1.828e-11
1.950e+06	1.652e-11
1.951e+06	1.926e-11
1.951e+06	1.660e-11
1.952e+06	1.219e-11
1.953e+06	1.335e-11
1.953e+06	1.605e-11
1.954e+06	1.520e-11
1.955e+06	1.787e-11
1.955e+06	1.919e-11
1.956e+06	1.956e-11
1.957e+06	1.224e-11
1.957e+06	1.666e-11
1.958e+06	1.918e-11
1.959e+06	1.165e-11
1.959e+06	1.071e-11
1.960e+06	1.873e-11
1.961e+06	1.904e-11
1.961e+06	1.628e-11
1.962e+06	2.330e-11
1.963e+06	2.089e-11
1.963e+06	2.255e-11
1.964e+06	2.091e-11
1.965e+06	2.023e-11
1.965e+06	1.619e-11
1.966e+06	9.138e-12
1.967e+06	8.601e-12
1.967e+06	1.593e-11
1.968e+06	1.881e-11
1.969e+06	1.640e-11
1.969e+06	2.046e-11
1.970e+06	2.515e-11
1.971e+06	1.928e-11
1.971e+06	1.941e-11
1.972e+06	2.279e-11
1.973e+06	1.944e-11
1.973e+06	2.162e-11
1.974e+06	2.474e-11
1.975e+06	2.745e-11
1.975e+06	1.599e-11
1.976e+06	1.220e-11
1.977e+06	1.871e-11
1.977e+06	1.576e-11
1.978e+06	1.446e-11
1.979e+06	1.639e-11
1.979e+06	1.495e-11
1.980e+06	1.782e-11
1.981e+06	1.090e-11
1.981e+06	1.508e-11
1.982e+06	2.183e-11
1.983e+06	2.130e-11
1.983e+06	1.731e-11
1.984e+06	2.298e-11
1.985e+06	1.487e-11
1.985e+06	1.470e-11
1.986e+06	1.822e-11
1.987e+06	1.581e-11
1.987e+06	1.238e-11
1.988e+06	1.391e-11
1.989e+06	1.514e-11
1.989e+06	1.976e-11
1.990e+06	1.740e-11
1.991e+06	1.387e-11
1.991e+06	1.159e-11
1.992e+06	9.817e-12
1.993e+06	1.313e-11
1.993e+06	1.543e-11
1.994e+06	1.439e-11
1.995e+06	1.943e-11
1.995e+06	2.631e-11
1.996e+06	1.888e-11
1.997e+06	1.379e-11
1.997e+06	1.618e-11
1.998e+06	1.952e-11
1.999e+06	1.728e-11
1.999e+06	2.235e-11
2.000e+06	1.858e-11
